variant	af	filter-pvalue	lrt-pvalue	beta	beta-std-err	variant_h2	notes
group_1565	9.87E-01	4.17E-01	7.23E-01	8.71E-02	2.45E-01	2.87E-02	bad-chisq
scpA	9.87E-01	4.17E-01	5.91E-01	1.34E-01	2.50E-01	4.35E-02	bad-chisq
group_989	9.87E-01	1.25E-02	9.93E-02	-6.33E-01	3.82E-01	1.33E-01	bad-chisq
endA_2~~~endA~~~endA_1	9.87E-01	3.99E-01	9.32E-01	-3.48E-02	4.08E-01	6.90E-03	bad-chisq
citC	9.87E-01	4.17E-01	7.23E-01	8.71E-02	2.45E-01	2.87E-02	bad-chisq
oadA_2~~~oadA	9.87E-01	4.17E-01	7.23E-01	8.71E-02	2.45E-01	2.87E-02	bad-chisq
trmFO	9.87E-01	4.17E-01	7.23E-01	8.71E-02	2.45E-01	2.87E-02	bad-chisq
ggs	9.87E-01	1.25E-02	9.93E-02	-6.33E-01	3.82E-01	1.33E-01	bad-chisq
group_441	9.87E-01	3.99E-01	6.90E-01	-1.15E-01	2.88E-01	3.23E-02	bad-chisq
group_223	9.87E-01	1.25E-02	9.93E-02	-6.33E-01	3.82E-01	1.33E-01	bad-chisq
speC_1~~~seq_2	9.87E-01	4.17E-01	1.81E-01	4.59E-01	3.42E-01	1.08E-01	bad-chisq
group_1795	9.81E-01	7.20E-01	6.30E-01	1.94E-01	4.01E-01	3.90E-02	bad-chisq
group_1056	9.81E-01	7.20E-01	2.32E-01	3.62E-01	3.02E-01	9.66E-02	bad-chisq
group_877	9.81E-01	7.20E-01	6.30E-01	1.94E-01	4.01E-01	3.90E-02	bad-chisq
group_688	9.81E-01	8.66E-02	4.13E-01	-2.29E-01	2.80E-01	6.61E-02	bad-chisq
group_582	9.81E-01	7.20E-01	6.30E-01	1.94E-01	4.01E-01	3.90E-02	bad-chisq
licR_2~~~licR_1	9.81E-01	7.20E-01	6.30E-01	1.94E-01	4.01E-01	3.90E-02	bad-chisq
celB_2~~~chbC	9.81E-01	7.20E-01	6.30E-01	1.94E-01	4.01E-01	3.90E-02	bad-chisq
group_553	9.81E-01	7.20E-01	6.30E-01	1.94E-01	4.01E-01	3.90E-02	bad-chisq
group_513	9.81E-01	7.20E-01	6.30E-01	1.94E-01	4.01E-01	3.90E-02	bad-chisq
group_406	9.81E-01	2.15E-03	5.80E-02	-5.69E-01	2.98E-01	1.53E-01	bad-chisq
group_318	9.81E-01	2.15E-03	5.80E-02	-5.69E-01	2.98E-01	1.53E-01	bad-chisq
group_186	9.81E-01	7.20E-01	6.30E-01	1.94E-01	4.01E-01	3.90E-02	bad-chisq
group_161	9.81E-01	2.15E-03	6.86E-02	-5.83E-01	3.18E-01	1.47E-01	bad-chisq
group_136	9.81E-01	7.20E-01	6.30E-01	1.94E-01	4.01E-01	3.90E-02	bad-chisq
group_104	9.81E-01	3.19E-01	1.76E-01	4.73E-01	3.47E-01	1.09E-01	bad-chisq
group_1528	9.74E-01	1.74E-02	3.17E-01	-2.83E-01	2.82E-01	8.09E-02	bad-chisq
group_1045	9.74E-01	9.82E-01	2.47E-01	3.68E-01	3.17E-01	9.35E-02	bad-chisq
group_563	9.74E-01	1.74E-02	1.93E-01	-3.53E-01	2.70E-01	1.05E-01	bad-chisq
group_385	9.74E-01	1.74E-02	3.17E-01	-2.83E-01	2.82E-01	8.09E-02	bad-chisq
group_384	9.74E-01	1.74E-02	3.17E-01	-2.83E-01	2.82E-01	8.09E-02	bad-chisq
isdE	9.74E-01	1.74E-02	2.34E-01	-2.91E-01	2.44E-01	9.61E-02	bad-chisq
group_193	9.74E-01	1.74E-02	3.17E-01	-2.83E-01	2.82E-01	8.09E-02	bad-chisq
group_243	9.68E-01	8.11E-01	7.76E-01	4.72E-02	1.66E-01	2.30E-02	bad-chisq
group_1211	9.61E-01	1.55E-01	1.59E-01	2.65E-01	1.87E-01	1.14E-01	bad-chisq
group_1013	9.61E-01	6.09E-01	8.58E-01	3.99E-02	2.23E-01	1.44E-02	bad-chisq
group_980	9.61E-01	6.48E-01	6.26E-01	1.76E-01	3.61E-01	3.94E-02	bad-chisq
group_542	9.61E-01	6.09E-01	8.26E-01	-5.07E-02	2.30E-01	1.78E-02	bad-chisq
group_319	9.61E-01	6.09E-01	8.26E-01	-5.07E-02	2.30E-01	1.78E-02	bad-chisq
group_296	9.61E-01	6.09E-01	8.26E-01	-5.07E-02	2.30E-01	1.78E-02	bad-chisq
lacC_1~~~lacC_2	9.61E-01	1.39E-01	8.32E-01	-4.65E-02	2.20E-01	1.71E-02	bad-chisq
group_1985	9.55E-01	3.15E-03	7.35E-02	-4.89E-01	2.71E-01	1.44E-01	bad-chisq
group_1799	9.55E-01	5.20E-01	3.43E-01	2.23E-01	2.34E-01	7.67E-02	bad-chisq
group_1120	9.55E-01	3.15E-03	7.35E-02	-4.89E-01	2.71E-01	1.44E-01	bad-chisq
group_1077	9.55E-01	3.15E-03	7.35E-02	-4.89E-01	2.71E-01	1.44E-01	bad-chisq
group_1053	9.55E-01	3.15E-03	9.92E-02	-4.08E-01	2.46E-01	1.33E-01	bad-chisq
group_1047	9.55E-01	7.99E-01	7.27E-01	-1.03E-01	2.96E-01	2.82E-02	bad-chisq
group_637	9.55E-01	3.15E-03	7.35E-02	-4.89E-01	2.71E-01	1.44E-01	bad-chisq
group_484	9.48E-01	1.03E-02	2.81E-01	-2.85E-01	2.64E-01	8.72E-02	bad-chisq
group_254	9.48E-01	4.17E-01	5.78E-01	1.89E-01	3.40E-01	4.50E-02	bad-chisq
cas2_2	9.42E-01	2.57E-02	5.84E-01	-1.30E-01	2.37E-01	4.43E-02	bad-chisq
hisZ	9.42E-01	5.26E-01	8.02E-01	-5.93E-02	2.36E-01	2.03E-02	
group_973	9.42E-01	2.57E-02	5.84E-01	-1.30E-01	2.37E-01	4.43E-02	bad-chisq
group_813	9.42E-01	5.83E-08	1.29E-01	-5.35E-01	3.51E-01	1.22E-01	bad-chisq
cas1~~~cas1_1~~~cas1_2~~~cas11~~~cas1_3	9.42E-01	2.57E-02	5.84E-01	-1.30E-01	2.37E-01	4.43E-02	bad-chisq
group_571	9.42E-01	2.57E-02	5.84E-01	-1.30E-01	2.37E-01	4.43E-02	bad-chisq
group_570	9.42E-01	2.57E-02	5.84E-01	-1.30E-01	2.37E-01	4.43E-02	bad-chisq
group_548	9.42E-01	2.57E-02	3.54E-01	-1.70E-01	1.82E-01	7.49E-02	bad-chisq
ispE_2~~~ispE	9.42E-01	8.69E-01	7.07E-01	9.10E-02	2.42E-01	3.04E-02	
group_145	9.42E-01	2.57E-02	5.84E-01	-1.30E-01	2.37E-01	4.43E-02	bad-chisq
hasB~~~ugd_2~~~ugd_3	9.35E-01	7.31E-01	2.38E-01	2.98E-01	2.51E-01	9.53E-02	
group_995	9.35E-01	9.64E-09	4.35E-02	-6.43E-01	3.16E-01	1.62E-01	bad-chisq
group_766	9.35E-01	7.00E-03	2.26E-01	-2.33E-01	1.92E-01	9.79E-02	
galU_1~~~galU_2	9.35E-01	7.31E-01	2.38E-01	2.98E-01	2.51E-01	9.53E-02	
group_517	9.35E-01	7.00E-03	2.26E-01	-2.33E-01	1.92E-01	9.79E-02	
lafA	9.29E-01	3.43E-01	7.37E-01	-7.49E-02	2.23E-01	2.71E-02	
group_554	9.29E-01	3.43E-01	6.39E-01	-9.76E-02	2.07E-01	3.80E-02	
icaA~~~pgaC~~~arnC	9.29E-01	8.25E-01	5.68E-01	1.27E-01	2.22E-01	4.62E-02	
group_988	9.23E-01	1.50E-01	3.79E-01	-1.84E-01	2.09E-01	7.12E-02	
group_704	9.16E-01	5.81E-02	9.27E-01	1.45E-02	1.59E-01	7.37E-03	
group_2207	9.03E-01	6.34E-03	1.15E-01	-2.85E-01	1.80E-01	1.27E-01	
group_1097	9.03E-01	6.34E-03	6.91E-01	6.01E-02	1.51E-01	3.22E-02	
group_174	9.03E-01	3.92E-09	4.94E-02	-4.57E-01	2.31E-01	1.58E-01	
seq~~~seq_1~~~seq_3~~~seq_2	8.97E-01	1.40E-05	4.89E-01	-1.44E-01	2.08E-01	5.60E-02	
group_1054	8.90E-01	2.74E-01	6.62E-01	-9.51E-02	2.17E-01	3.54E-02	
group_1018	8.90E-01	4.92E-04	5.21E-02	-4.10E-01	2.09E-01	1.56E-01	
group_579	8.90E-01	2.74E-01	6.62E-01	-9.51E-02	2.17E-01	3.54E-02	
group_200	8.90E-01	2.74E-01	6.62E-01	-9.51E-02	2.17E-01	3.54E-02	
group_2004	8.84E-01	6.82E-10	1.94E-02	-4.62E-01	1.95E-01	1.88E-01	
group_1972	8.84E-01	6.82E-10	1.94E-02	-4.62E-01	1.95E-01	1.88E-01	
rcsC_1	8.84E-01	6.82E-10	1.94E-02	-4.62E-01	1.95E-01	1.88E-01	
adeR	8.84E-01	6.82E-10	1.94E-02	-4.62E-01	1.95E-01	1.88E-01	
group_1366	8.84E-01	6.82E-10	1.94E-02	-4.62E-01	1.95E-01	1.88E-01	
group_1357	8.84E-01	6.82E-10	1.94E-02	-4.62E-01	1.95E-01	1.88E-01	
group_1014	8.84E-01	6.82E-10	1.94E-02	-4.62E-01	1.95E-01	1.88E-01	
group_1003	8.84E-01	6.82E-10	1.94E-02	-4.62E-01	1.95E-01	1.88E-01	
group_787	8.84E-01	6.82E-10	1.94E-02	-4.62E-01	1.95E-01	1.88E-01	
group_721	8.84E-01	6.82E-10	1.94E-02	-4.62E-01	1.95E-01	1.88E-01	
group_455	8.84E-01	6.82E-10	1.94E-02	-4.62E-01	1.95E-01	1.88E-01	
group_425	8.84E-01	6.82E-10	1.94E-02	-4.62E-01	1.95E-01	1.88E-01	
srtA	8.84E-01	6.82E-10	1.94E-02	-4.62E-01	1.95E-01	1.88E-01	
group_338	8.84E-01	6.82E-10	1.94E-02	-4.62E-01	1.95E-01	1.88E-01	
group_1004	8.77E-01	1.07E-10	9.15E-03	-4.82E-01	1.83E-01	2.09E-01	
group_920	8.77E-01	3.91E-09	5.71E-02	-3.76E-01	1.96E-01	1.53E-01	
group_412	8.77E-01	3.91E-09	7.43E-02	-3.41E-01	1.90E-01	1.44E-01	
group_1363	8.58E-01	1.63E-01	8.62E-01	3.25E-02	1.87E-01	1.40E-02	
group_1104	8.58E-01	1.63E-01	8.62E-01	3.25E-02	1.87E-01	1.40E-02	
rhaR_2	8.58E-01	1.63E-01	8.62E-01	3.25E-02	1.87E-01	1.40E-02	
group_220	8.58E-01	1.63E-01	8.62E-01	3.25E-02	1.87E-01	1.40E-02	
group_738	8.52E-01	2.15E-01	7.39E-01	5.48E-02	1.64E-01	2.69E-02	
cas2_1	8.32E-01	1.63E-05	9.73E-01	-6.07E-03	1.78E-01	2.76E-03	
cas1_2~~~cas1_1	8.32E-01	1.63E-05	9.73E-01	-6.07E-03	1.78E-01	2.76E-03	
cas9~~~cas9_2~~~cas9_1	8.32E-01	1.63E-05	9.73E-01	-6.07E-03	1.78E-01	2.76E-03	
csn2	8.32E-01	1.63E-05	9.73E-01	-6.07E-03	1.78E-01	2.76E-03	
group_1093	8.26E-01	9.61E-02	4.56E-01	1.33E-01	1.78E-01	6.03E-02	
group_1183	8.19E-01	1.27E-02	5.93E-01	-9.05E-02	1.69E-01	4.33E-02	
group_1161	8.19E-01	4.47E-02	9.79E-01	-4.46E-03	1.73E-01	2.09E-03	
group_580	8.19E-01	3.00E-01	5.14E-01	1.22E-01	1.86E-01	5.28E-02	
lexA	8.13E-01	6.25E-02	7.35E-01	3.49E-02	1.03E-01	2.74E-02	
group_1051	8.13E-01	4.91E-02	2.57E-01	9.32E-02	8.20E-02	9.15E-02	
group_1069	8.06E-01	7.63E-03	6.30E-01	8.30E-02	1.72E-01	3.90E-02	
group_1160	7.87E-01	4.83E-05	3.65E-01	-8.15E-02	8.98E-02	7.32E-02	
group_1122	7.87E-01	2.51E-02	4.01E-01	-8.42E-02	1.00E-01	6.79E-02	
group_1165	7.68E-01	9.39E-01	2.34E-01	9.69E-02	8.12E-02	9.61E-02	
group_647	7.68E-01	3.36E-01	5.57E-01	1.03E-01	1.74E-01	4.75E-02	
group_1048	7.61E-01	1.74E-07	2.18E-01	-2.03E-01	1.64E-01	9.94E-02	
group_991	7.61E-01	1.37E-05	9.60E-01	8.80E-03	1.77E-01	4.02E-03	
nisB	7.61E-01	6.20E-11	8.36E-03	-4.73E-01	1.77E-01	2.11E-01	
group_503	7.61E-01	6.20E-11	8.36E-03	-4.73E-01	1.77E-01	2.11E-01	
group_465	7.61E-01	2.00E-01	9.48E-01	-7.02E-03	1.08E-01	5.25E-03	
group_1250	7.55E-01	1.10E-01	2.88E-01	9.88E-02	9.27E-02	8.59E-02	
group_775	7.55E-01	3.53E-06	2.23E-01	-1.36E-01	1.11E-01	9.85E-02	
group_1029	7.48E-01	2.94E-01	8.57E-01	1.97E-02	1.09E-01	1.46E-02	
group_669	7.35E-01	2.54E-05	6.23E-01	-9.07E-02	1.84E-01	3.98E-02	
smc_1~~~emm5~~~smc_2~~~emm6~~~arp4~~~smc_3	7.29E-01	4.86E-03	4.63E-01	1.24E-01	1.68E-01	5.94E-02	
group_1964	7.29E-01	6.91E-06	3.08E-01	-1.96E-01	1.91E-01	8.25E-02	
group_646	7.29E-01	1.20E-01	9.35E-01	6.02E-03	7.40E-02	6.58E-03	
group_51	7.29E-01	6.91E-06	3.08E-01	-1.39E-01	1.36E-01	8.24E-02	
group_1290	7.23E-01	1.77E-06	3.56E-01	-9.34E-02	1.01E-01	7.47E-02	
group_1166	7.23E-01	7.08E-03	8.03E-01	2.31E-02	9.25E-02	2.02E-02	
group_1159	7.23E-01	2.04E-07	2.37E-01	-1.22E-01	1.03E-01	9.56E-02	
group_1308	7.16E-01	2.82E-03	8.09E-01	-2.20E-02	9.08E-02	1.96E-02	
group_1307	7.16E-01	2.82E-03	8.09E-01	-2.20E-02	9.08E-02	1.96E-02	
group_1298	7.16E-01	2.82E-03	9.87E-01	1.46E-03	9.23E-02	1.28E-03	
group_1130	7.16E-01	2.82E-03	8.09E-01	-2.20E-02	9.08E-02	1.96E-02	
group_1099	7.16E-01	2.82E-03	9.87E-01	1.46E-03	9.23E-02	1.28E-03	
group_1021	7.16E-01	2.82E-03	6.52E-01	-4.07E-02	9.01E-02	3.65E-02	
group_982	7.16E-01	4.46E-08	5.63E-02	-1.88E-01	9.79E-02	1.54E-01	
group_1279	7.10E-01	9.59E-08	7.84E-02	-1.68E-01	9.47E-02	1.42E-01	
group_1256	7.10E-01	4.10E-02	3.09E-01	1.05E-01	1.03E-01	8.22E-02	
group_250	7.10E-01	1.41E-02	8.24E-01	-2.52E-02	1.13E-01	1.80E-02	
group_1206	7.03E-01	3.64E-04	9.61E-01	-5.84E-03	1.18E-01	3.99E-03	
group_1247	6.97E-01	2.08E-05	7.04E-01	-4.00E-02	1.05E-01	3.07E-02	
group_722	6.97E-01	8.51E-03	4.14E-01	7.45E-02	9.10E-02	6.60E-02	
group_476	6.97E-01	1.58E-01	4.91E-01	6.87E-02	9.95E-02	5.57E-02	
group_63	6.97E-01	3.23E-10	6.11E-03	-3.65E-01	1.31E-01	2.19E-01	
group_1291	6.90E-01	9.06E-09	1.40E-02	-2.40E-01	9.67E-02	1.97E-01	
group_1202	6.90E-01	1.18E-02	5.69E-01	-1.07E-01	1.88E-01	4.61E-02	
group_1157	6.90E-01	9.11E-08	1.00E-02	-2.19E-01	8.39E-02	2.06E-01	
group_1139	6.90E-01	9.11E-08	7.12E-02	-1.74E-01	9.56E-02	1.45E-01	
group_984	6.90E-01	1.92E-01	5.74E-02	2.64E-01	1.38E-01	1.53E-01	
group_1885	6.84E-01	5.02E-03	6.24E-01	4.59E-02	9.34E-02	3.97E-02	
group_1607	6.84E-01	5.02E-03	6.24E-01	4.59E-02	9.34E-02	3.97E-02	
group_1526	6.84E-01	1.95E-08	2.20E-02	-2.17E-01	9.36E-02	1.84E-01	
speC_1	6.84E-01	1.02E-05	4.09E-01	-6.79E-02	8.19E-02	6.68E-02	
group_1233	6.84E-01	1.02E-05	4.09E-01	-6.79E-02	8.19E-02	6.68E-02	
group_1039	6.84E-01	5.02E-03	6.24E-01	4.59E-02	9.34E-02	3.97E-02	
group_1020	6.84E-01	5.02E-03	6.24E-01	4.59E-02	9.34E-02	3.97E-02	
group_835	6.84E-01	5.02E-03	6.24E-01	4.59E-02	9.34E-02	3.97E-02	
group_815	6.84E-01	5.02E-03	6.24E-01	4.59E-02	9.34E-02	3.97E-02	
group_745	6.84E-01	1.58E-02	9.24E-01	8.01E-03	8.43E-02	7.68E-03	
group_670	6.84E-01	5.02E-03	6.24E-01	4.59E-02	9.34E-02	3.97E-02	
group_540	6.84E-01	5.02E-03	6.24E-01	4.59E-02	9.34E-02	3.97E-02	
group_438	6.84E-01	5.02E-03	6.24E-01	4.59E-02	9.34E-02	3.97E-02	
group_290	6.84E-01	5.02E-03	6.24E-01	4.59E-02	9.34E-02	3.97E-02	
group_89	6.84E-01	5.02E-03	6.24E-01	4.59E-02	9.34E-02	3.97E-02	
group_1332	6.77E-01	1.99E-03	6.73E-01	5.07E-02	1.20E-01	3.42E-02	
group_1143	6.77E-01	3.59E-07	1.69E-01	-1.40E-01	1.01E-01	1.11E-01	
group_1084	6.77E-01	1.99E-03	7.98E-01	2.42E-02	9.45E-02	2.07E-02	
group_879	6.77E-01	3.59E-07	1.69E-01	-1.40E-01	1.01E-01	1.11E-01	
group_673	6.77E-01	4.05E-08	8.29E-02	-1.88E-01	1.08E-01	1.40E-01	
group_671	6.77E-01	1.99E-03	7.98E-01	2.42E-02	9.45E-02	2.07E-02	
group_577	6.77E-01	1.99E-03	2.84E-01	2.06E-01	1.92E-01	8.65E-02	
group_569	6.77E-01	7.08E-03	5.62E-01	5.28E-02	9.08E-02	4.69E-02	
group_481	6.77E-01	7.08E-03	4.36E-01	7.16E-02	9.17E-02	6.30E-02	
group_90	6.77E-01	7.08E-03	5.62E-01	5.28E-02	9.08E-02	4.69E-02	
group_2090	6.71E-01	8.17E-08	1.36E-01	-1.65E-01	1.10E-01	1.20E-01	
group_1806	6.71E-01	6.83E-07	2.15E-01	-1.22E-01	9.78E-02	1.00E-01	
group_881	6.71E-01	6.83E-07	2.55E-01	-1.17E-01	1.03E-01	9.21E-02	
group_447	6.71E-01	3.03E-05	4.98E-01	-1.66E-01	2.45E-01	5.48E-02	
group_1268	6.65E-01	5.03E-05	7.51E-01	3.34E-02	1.05E-01	2.57E-02	
group_1205	6.65E-01	2.54E-04	5.35E-01	-5.56E-02	8.93E-02	5.02E-02	
group_1152	6.65E-01	2.54E-04	5.35E-01	-5.56E-02	8.93E-02	5.02E-02	
group_951	6.65E-01	5.03E-05	1.94E-02	-2.09E-01	8.84E-02	1.88E-01	
group_928	6.65E-01	2.54E-04	5.35E-01	-5.56E-02	8.93E-02	5.02E-02	
speH~~~seq_2	6.65E-01	9.27E-02	3.75E-01	1.06E-01	1.19E-01	7.18E-02	
group_1153	6.58E-01	1.81E-02	2.65E-01	-9.67E-02	8.64E-02	9.01E-02	
group_812	6.58E-01	3.49E-09	1.29E-02	-2.80E-01	1.11E-01	1.99E-01	
group_759	6.58E-01	3.49E-09	1.29E-02	-2.80E-01	1.11E-01	1.99E-01	
group_545	6.58E-01	8.19E-05	8.92E-01	-2.38E-02	1.74E-01	1.10E-02	
group_451	6.58E-01	3.06E-07	9.66E-02	-3.06E-01	1.83E-01	1.34E-01	
group_1940	6.52E-01	6.94E-08	9.78E-02	-1.70E-01	1.02E-01	1.33E-01	
group_1283	6.52E-01	1.31E-04	1.86E-01	1.56E-01	1.17E-01	1.07E-01	
emm5	6.52E-01	1.24E-03	7.20E-02	1.15E-01	6.35E-02	1.45E-01	
group_324	6.52E-01	2.40E-02	7.39E-01	3.88E-02	1.16E-01	2.70E-02	
group_1919	6.45E-01	2.04E-04	8.40E-01	2.93E-02	1.44E-01	1.64E-02	
group_1709	6.45E-01	3.36E-03	2.90E-01	1.01E-01	9.49E-02	8.56E-02	
group_1344	6.45E-01	3.36E-03	6.67E-02	-1.54E-01	8.34E-02	1.48E-01	
group_1333	6.45E-01	1.70E-01	3.69E-01	1.12E-01	1.25E-01	7.27E-02	
group_1282	6.45E-01	3.13E-02	9.50E-01	-5.12E-03	8.17E-02	5.07E-03	
group_1238	6.45E-01	2.04E-04	7.18E-01	4.16E-02	1.15E-01	2.93E-02	
group_1071	6.45E-01	2.04E-04	8.40E-01	2.93E-02	1.44E-01	1.64E-02	
group_854	6.45E-01	3.36E-03	2.90E-01	1.01E-01	9.49E-02	8.56E-02	
seq_2~~~seq_1	6.45E-01	7.80E-02	3.07E-01	1.22E-01	1.19E-01	8.25E-02	
group_2070	6.39E-01	1.31E-03	7.93E-01	-2.68E-02	1.02E-01	2.13E-02	
group_1987	6.39E-01	2.49E-07	4.90E-01	-9.03E-02	1.30E-01	5.59E-02	
group_1330	6.39E-01	4.71E-03	7.53E-01	3.00E-02	9.54E-02	2.55E-02	
group_1240	6.39E-01	1.18E-05	3.79E-01	-9.04E-02	1.02E-01	7.12E-02	
group_1168	6.39E-01	9.69E-02	2.24E-01	1.45E-01	1.19E-01	9.83E-02	
group_904	6.39E-01	1.31E-03	7.53E-01	2.93E-02	9.27E-02	2.55E-02	
group_855	6.39E-01	1.31E-03	7.53E-01	2.93E-02	9.27E-02	2.55E-02	
group_466	6.39E-01	6.55E-05	4.79E-01	7.09E-02	1.00E-01	5.72E-02	
group_1254	6.32E-01	4.56E-07	2.81E-02	-2.23E-01	1.00E-01	1.76E-01	
group_1230	6.32E-01	1.96E-05	5.04E-01	-6.93E-02	1.03E-01	5.41E-02	
group_1182	6.32E-01	4.56E-07	2.56E-01	-2.49E-01	2.18E-01	9.19E-02	
group_941	6.32E-01	4.74E-04	3.09E-01	-1.00E-01	9.84E-02	8.22E-02	
group_1009	6.26E-01	1.05E-07	1.56E-01	-1.65E-01	1.16E-01	1.15E-01	
group_864	6.26E-01	8.17E-07	8.00E-01	-3.20E-02	1.26E-01	2.05E-02	
group_407	6.26E-01	1.05E-07	1.56E-01	-1.65E-01	1.16E-01	1.15E-01	
group_327	6.26E-01	4.40E-02	8.68E-01	1.10E-02	6.61E-02	1.34E-02	
group_178	6.26E-01	2.68E-03	6.87E-01	4.01E-02	9.94E-02	3.26E-02	
group_1335	6.19E-01	2.46E-04	5.85E-01	7.12E-02	1.30E-01	4.42E-02	
group_1278	6.19E-01	2.03E-10	1.15E-04	-3.32E-01	8.39E-02	3.05E-01	
group_1140	6.19E-01	3.76E-03	4.60E-01	-8.66E-02	1.17E-01	5.98E-02	
group_1113	6.19E-01	1.43E-06	6.21E-02	-1.82E-01	9.71E-02	1.50E-01	
group_872	6.19E-01	3.76E-03	4.60E-01	-8.66E-02	1.17E-01	5.98E-02	
group_596	6.19E-01	9.17E-06	7.68E-01	-6.83E-02	2.31E-01	2.39E-02	
group_2091	6.13E-01	4.25E-10	2.36E-04	-3.21E-01	8.53E-02	2.91E-01	
group_1892	6.13E-01	1.48E-03	7.07E-01	3.88E-02	1.03E-01	3.05E-02	
group_1685	6.13E-01	1.48E-03	7.07E-01	3.88E-02	1.03E-01	3.05E-02	
group_533	6.13E-01	1.48E-03	7.07E-01	3.88E-02	1.03E-01	3.05E-02	
group_467	6.13E-01	1.48E-03	7.07E-01	3.88E-02	1.03E-01	3.05E-02	
group_2106	6.06E-01	5.46E-04	8.56E-01	-1.93E-02	1.06E-01	1.47E-02	
group_2087	6.06E-01	5.46E-04	8.56E-01	-1.93E-02	1.06E-01	1.47E-02	
group_2018	6.06E-01	5.46E-04	6.87E-01	-4.02E-02	9.97E-02	3.26E-02	
group_1920	6.06E-01	6.17E-07	1.48E-02	-2.50E-01	1.01E-01	1.96E-01	
group_1893	6.06E-01	5.46E-04	6.87E-01	-4.02E-02	9.97E-02	3.26E-02	
group_1852	6.06E-01	5.46E-04	8.56E-01	-1.93E-02	1.06E-01	1.47E-02	
group_1443	6.06E-01	5.46E-04	8.56E-01	-1.93E-02	1.06E-01	1.47E-02	
group_944	6.06E-01	4.15E-06	7.67E-02	-1.97E-01	1.10E-01	1.43E-01	
group_802	6.06E-01	5.46E-04	8.56E-01	-1.93E-02	1.06E-01	1.47E-02	
group_556	6.06E-01	5.46E-04	6.87E-01	-4.02E-02	9.97E-02	3.26E-02	
group_463	6.06E-01	5.46E-04	8.56E-01	-1.93E-02	1.06E-01	1.47E-02	
group_452	6.06E-01	5.46E-04	8.56E-01	-1.93E-02	1.06E-01	1.47E-02	
group_416	6.06E-01	5.46E-04	8.56E-01	-1.93E-02	1.06E-01	1.47E-02	
group_401	6.06E-01	5.46E-04	6.87E-01	-4.02E-02	9.97E-02	3.26E-02	
group_201	6.06E-01	4.15E-06	3.10E-01	-1.11E-01	1.09E-01	8.21E-02	
group_1703	6.00E-01	1.07E-06	2.50E-01	-3.16E-01	2.74E-01	9.30E-02	
group_1639	5.94E-01	1.82E-06	5.00E-01	-2.20E-01	3.25E-01	5.45E-02	
group_1292	5.94E-01	2.57E-07	6.11E-03	-2.46E-01	8.85E-02	2.19E-01	
group_608	5.94E-01	1.27E-02	8.18E-01	1.84E-02	7.99E-02	1.86E-02	
group_536	5.94E-01	1.82E-06	5.00E-01	-2.20E-01	3.25E-01	5.45E-02	
group_1691	5.87E-01	3.04E-06	8.25E-01	-5.27E-02	2.38E-01	1.79E-02	
group_1599	5.81E-01	7.68E-07	7.67E-02	-3.50E-01	1.96E-01	1.43E-01	
group_1593	5.81E-01	1.03E-07	1.30E-03	-2.83E-01	8.62E-02	2.56E-01	
group_832	5.81E-01	1.03E-07	1.30E-03	-2.83E-01	8.62E-02	2.56E-01	
group_831	5.81E-01	1.03E-07	1.30E-03	-2.83E-01	8.62E-02	2.56E-01	
group_514	5.81E-01	4.99E-06	9.86E-01	-3.52E-03	1.97E-01	1.44E-03	
group_281	5.81E-01	2.83E-05	8.42E-01	-1.76E-02	8.78E-02	1.62E-02	
group_62	5.81E-01	4.99E-06	3.17E-01	-8.63E-02	8.59E-02	8.09E-02	
group_2121	5.74E-01	1.81E-07	2.47E-03	-2.69E-01	8.75E-02	2.42E-01	
group_1243	5.74E-01	1.29E-06	2.13E-02	-2.01E-01	8.62E-02	1.85E-01	
group_1236	5.74E-01	1.29E-06	2.13E-02	-2.01E-01	8.62E-02	1.85E-01	
group_833	5.74E-01	1.29E-06	1.75E-01	-2.34E-01	1.72E-01	1.09E-01	
group_472	5.74E-01	1.81E-07	2.47E-03	-2.69E-01	8.75E-02	2.42E-01	
group_1306	5.68E-01	3.12E-07	3.20E-03	-2.51E-01	8.38E-02	2.35E-01	
clpP_2~~~clpP_1	5.68E-01	3.12E-07	3.20E-03	-2.51E-01	8.38E-02	2.35E-01	
group_1289	5.68E-01	3.12E-07	3.20E-03	-2.51E-01	8.38E-02	2.35E-01	
group_1223	5.68E-01	3.12E-07	3.20E-03	-2.51E-01	8.38E-02	2.35E-01	
group_1194	5.68E-01	3.12E-07	3.20E-03	-2.51E-01	8.38E-02	2.35E-01	
group_1186	5.68E-01	3.12E-07	3.20E-03	-2.51E-01	8.38E-02	2.35E-01	
group_1125	5.68E-01	3.12E-07	3.20E-03	-2.51E-01	8.38E-02	2.35E-01	
group_952	5.68E-01	1.29E-05	9.43E-01	9.90E-03	1.38E-01	5.78E-03	
group_2193	5.61E-01	3.50E-06	4.19E-01	-1.16E-01	1.44E-01	6.54E-02	
group_1339	5.61E-01	8.03E-09	4.90E-04	-3.16E-01	8.88E-02	2.77E-01	
group_1116	5.61E-01	3.50E-06	4.19E-01	-1.16E-01	1.44E-01	6.54E-02	
group_597	5.61E-01	3.50E-06	4.19E-01	-1.16E-01	1.44E-01	6.54E-02	
group_2159	5.48E-01	2.59E-08	7.01E-04	-3.13E-01	9.05E-02	2.69E-01	
group_1822	5.48E-01	2.59E-08	3.09E-03	-2.79E-01	9.28E-02	2.36E-01	
group_1788	5.48E-01	8.92E-06	6.55E-01	-5.64E-02	1.26E-01	3.62E-02	
group_1349	5.48E-01	8.92E-06	1.90E-01	-1.27E-01	9.64E-02	1.06E-01	
group_1343	5.48E-01	2.59E-08	2.50E-03	-2.78E-01	9.04E-02	2.41E-01	
group_883	5.48E-01	2.59E-08	3.09E-03	-2.79E-01	9.28E-02	2.36E-01	
group_402	5.48E-01	2.59E-08	3.09E-03	-2.79E-01	9.28E-02	2.36E-01	
group_1601	5.42E-01	4.53E-08	4.23E-03	-2.67E-01	9.20E-02	2.29E-01	
group_1052	5.42E-01	4.53E-08	4.23E-03	-2.67E-01	9.20E-02	2.29E-01	
group_996	5.42E-01	3.50E-07	3.27E-02	-2.12E-01	9.83E-02	1.72E-01	
group_274	5.42E-01	3.50E-07	3.27E-02	-2.12E-01	9.83E-02	1.72E-01	
group_1979	5.35E-01	7.80E-08	4.33E-03	-2.74E-01	9.47E-02	2.28E-01	
group_1954	5.35E-01	5.81E-07	5.42E-02	-1.95E-01	1.00E-01	1.55E-01	
group_2176	5.29E-01	1.32E-07	7.90E-03	-2.60E-01	9.68E-02	2.13E-01	
group_1882	5.29E-01	1.32E-07	7.90E-03	-2.60E-01	9.68E-02	2.13E-01	
group_207	5.29E-01	1.32E-07	3.32E-03	-3.19E-01	1.07E-01	2.34E-01	
group_2208	5.16E-01	2.45E-06	7.59E-02	-1.86E-01	1.04E-01	1.43E-01	
group_2097	5.16E-01	2.45E-06	7.59E-02	-1.86E-01	1.04E-01	1.43E-01	
group_1867	5.16E-01	2.45E-06	7.59E-02	-1.86E-01	1.04E-01	1.43E-01	
group_1393	5.16E-01	2.45E-06	7.59E-02	-1.86E-01	1.04E-01	1.43E-01	
group_50	5.16E-01	7.33E-05	9.41E-01	7.72E-03	1.04E-01	6.02E-03	
group_1340	5.03E-01	6.57E-04	7.21E-02	-1.28E-01	7.06E-02	1.45E-01	
group_1264	5.03E-01	2.22E-02	4.63E-01	-5.51E-02	7.49E-02	5.94E-02	
group_57	4.90E-01	5.42E-01	2.71E-01	8.42E-02	7.62E-02	8.90E-02	
group_1270	4.84E-01	1.70E-02	6.56E-01	-3.39E-02	7.60E-02	3.60E-02	
group_1895	4.45E-01	6.47E-02	5.39E-01	-4.65E-02	7.54E-02	4.98E-02	
group_2195	4.39E-01	1.67E-01	4.68E-01	5.91E-02	8.13E-02	5.87E-02	
group_1017	4.32E-01	1.32E-02	5.70E-01	-4.74E-02	8.33E-02	4.59E-02	
group_1061	4.26E-01	1.96E-02	8.70E-02	-1.24E-01	7.17E-02	1.38E-01	
group_808	4.26E-01	2.30E-01	5.80E-02	-1.45E-01	7.59E-02	1.53E-01	
group_1630	4.06E-01	1.82E-06	5.00E-01	2.20E-01	3.25E-01	5.45E-02	
group_1628	4.06E-01	1.82E-06	5.00E-01	2.20E-01	3.25E-01	5.45E-02	
group_1162	4.06E-01	1.82E-06	5.00E-01	2.20E-01	3.25E-01	5.45E-02	
oadA_2~~~oadA_1	4.06E-01	1.82E-06	5.00E-01	2.20E-01	3.25E-01	5.45E-02	
citE	4.06E-01	1.82E-06	5.00E-01	2.20E-01	3.25E-01	5.45E-02	
group_791	4.06E-01	1.82E-06	5.00E-01	2.20E-01	3.25E-01	5.45E-02	
citD	4.06E-01	1.82E-06	5.00E-01	2.20E-01	3.25E-01	5.45E-02	
group_240	4.06E-01	1.82E-06	5.00E-01	2.20E-01	3.25E-01	5.45E-02	
citF	4.06E-01	1.82E-06	5.00E-01	2.20E-01	3.25E-01	5.45E-02	
citX	4.06E-01	1.82E-06	5.00E-01	2.20E-01	3.25E-01	5.45E-02	
group_1388	4.00E-01	6.88E-06	9.84E-01	5.61E-03	2.73E-01	1.66E-03	
cfiA	4.00E-01	6.88E-06	9.84E-01	5.61E-03	2.73E-01	1.66E-03	
citG	4.00E-01	6.88E-06	9.84E-01	5.61E-03	2.73E-01	1.66E-03	
group_492	4.00E-01	6.88E-06	9.84E-01	5.61E-03	2.73E-01	1.66E-03	
group_242	4.00E-01	6.88E-06	9.84E-01	5.61E-03	2.73E-01	1.66E-03	
group_182	4.00E-01	6.88E-06	9.84E-01	5.61E-03	2.73E-01	1.66E-03	
group_2046	3.94E-01	7.86E-03	4.64E-01	-5.94E-02	8.09E-02	5.92E-02	
group_1438	3.87E-01	3.12E-03	3.73E-01	-7.18E-02	8.04E-02	7.20E-02	
group_2096	3.81E-01	9.17E-06	6.80E-01	8.90E-02	2.16E-01	3.34E-02	
group_935	3.74E-01	5.48E-06	3.90E-01	1.72E-01	1.99E-01	6.95E-02	
group_505	3.74E-01	1.52E-03	5.13E-01	-5.20E-02	7.93E-02	5.30E-02	
group_1187	3.68E-01	4.74E-04	2.54E-01	-1.86E-01	1.63E-01	9.21E-02	
group_2089	3.61E-01	2.66E-03	4.55E-01	-6.26E-02	8.36E-02	6.04E-02	
group_2154	3.55E-01	3.49E-03	5.82E-01	-4.68E-02	8.48E-02	4.46E-02	
group_1978	3.55E-01	3.49E-03	5.82E-01	-4.68E-02	8.48E-02	4.46E-02	
group_1515	3.55E-01	3.49E-03	5.82E-01	-4.68E-02	8.48E-02	4.46E-02	
group_1272	3.55E-01	3.49E-03	5.82E-01	-4.68E-02	8.48E-02	4.46E-02	
group_636	3.55E-01	7.80E-02	6.04E-01	-3.77E-02	7.24E-02	4.20E-02	
group_1263	3.48E-01	4.90E-01	4.69E-01	5.37E-02	7.39E-02	5.86E-02	
group_625	3.42E-01	1.81E-02	8.09E-01	-5.38E-02	2.22E-01	1.96E-02	
group_606	3.42E-01	3.06E-07	1.99E-01	2.50E-01	1.94E-01	1.04E-01	
group_440	3.42E-01	4.33E-01	2.17E-01	-1.00E-01	8.07E-02	9.98E-02	
group_1467	3.35E-01	2.77E-01	6.79E-01	2.97E-02	7.16E-02	3.35E-02	
group_1248	3.35E-01	2.77E-01	6.79E-01	2.97E-02	7.16E-02	3.35E-02	
group_1246	3.35E-01	2.77E-01	6.79E-01	2.97E-02	7.16E-02	3.35E-02	
group_1239	3.35E-01	2.77E-01	6.79E-01	2.97E-02	7.16E-02	3.35E-02	
group_1212	3.35E-01	2.77E-01	6.79E-01	2.97E-02	7.16E-02	3.35E-02	
group_1177	3.35E-01	2.77E-01	6.79E-01	2.97E-02	7.16E-02	3.35E-02	
group_1176	3.35E-01	2.77E-01	6.79E-01	2.97E-02	7.16E-02	3.35E-02	
group_1085	3.35E-01	2.77E-01	6.79E-01	2.97E-02	7.16E-02	3.35E-02	
group_1067	3.35E-01	2.77E-01	6.79E-01	2.97E-02	7.16E-02	3.35E-02	
group_913	3.35E-01	2.77E-01	6.79E-01	2.97E-02	7.16E-02	3.35E-02	
group_811	3.35E-01	2.77E-01	6.79E-01	2.97E-02	7.16E-02	3.35E-02	
group_674	3.35E-01	2.77E-01	6.79E-01	2.97E-02	7.16E-02	3.35E-02	
group_397	3.35E-01	2.77E-01	6.79E-01	2.97E-02	7.16E-02	3.35E-02	
group_1637	3.29E-01	9.76E-03	3.16E-02	-1.57E-01	7.23E-02	1.73E-01	
group_8	3.29E-01	1.64E-01	9.71E-01	2.57E-03	7.09E-02	2.93E-03	
ennX_1~~~emm5~~~ennX_2~~~ennX	3.23E-01	9.98E-05	9.59E-01	1.14E-02	2.22E-01	4.14E-03	
noc	3.23E-01	1.93E-01	9.09E-01	8.14E-03	7.08E-02	9.29E-03	
group_897	3.23E-01	7.67E-01	4.19E-01	6.12E-02	7.56E-02	6.53E-02	
group_1317	3.03E-01	5.36E-01	1.59E-02	-1.86E-01	7.63E-02	1.93E-01	
ennX_2~~~ennX~~~arp4~~~ennX_1	3.03E-01	2.08E-05	1.75E-01	2.30E-01	1.69E-01	1.09E-01	
group_469	3.03E-01	5.74E-04	8.79E-02	-3.08E-01	1.79E-01	1.38E-01	
group_1012	2.97E-01	1.99E-07	2.25E-01	2.24E-01	1.84E-01	9.81E-02	
group_953	2.97E-01	3.52E-01	6.35E-01	3.56E-02	7.48E-02	3.84E-02	
group_557	2.97E-01	1.99E-07	2.25E-01	2.24E-01	1.84E-01	9.81E-02	
group_1285	2.84E-01	4.74E-02	8.50E-02	-1.31E-01	7.58E-02	1.39E-01	
group_917	2.84E-01	9.30E-01	9.99E-03	-4.25E-01	1.63E-01	2.06E-01	
purR_1~~~purR_2	2.84E-01	9.30E-01	9.99E-03	-4.25E-01	1.63E-01	2.06E-01	
group_765	2.84E-01	9.30E-01	9.99E-03	-4.25E-01	1.63E-01	2.06E-01	
group_509	2.84E-01	9.30E-01	9.99E-03	-4.25E-01	1.63E-01	2.06E-01	
group_508	2.84E-01	9.30E-01	9.99E-03	-4.25E-01	1.63E-01	2.06E-01	
amyA	2.84E-01	9.30E-01	9.99E-03	-4.25E-01	1.63E-01	2.06E-01	
malZ	2.84E-01	9.30E-01	9.99E-03	-4.25E-01	1.63E-01	2.06E-01	
group_1342	2.77E-01	8.21E-01	2.82E-01	-8.57E-02	7.93E-02	8.70E-02	
group_1173	2.77E-01	2.08E-02	1.26E-02	-1.88E-01	7.46E-02	2.00E-01	
group_1192	2.71E-01	3.35E-01	2.71E-02	-1.70E-01	7.60E-02	1.78E-01	
group_954	2.71E-01	5.86E-01	8.39E-02	-1.38E-01	7.92E-02	1.39E-01	
arp4	2.65E-01	3.27E-03	7.10E-01	-6.19E-02	1.66E-01	3.01E-02	
group_672	2.65E-01	2.54E-05	6.23E-01	9.07E-02	1.84E-01	3.98E-02	
group_1175	2.58E-01	1.78E-06	2.19E-01	2.12E-01	1.72E-01	9.92E-02	
sel26	2.58E-01	8.65E-04	5.98E-03	-2.14E-01	7.69E-02	2.20E-01	
group_949	2.58E-01	8.75E-05	7.19E-01	3.25E-02	9.01E-02	2.91E-02	
group_500	2.58E-01	1.78E-06	4.29E-01	1.25E-01	1.57E-01	6.40E-02	
group_496	2.58E-01	8.65E-04	5.98E-03	-2.14E-01	7.69E-02	2.20E-01	
group_72	2.58E-01	4.41E-01	3.85E-02	-1.60E-01	7.66E-02	1.66E-01	
group_56	2.58E-01	4.03E-02	5.96E-01	-4.20E-02	7.90E-02	4.29E-02	
group_2177	2.52E-01	5.36E-01	7.28E-01	-2.83E-02	8.13E-02	2.81E-02	
group_2028	2.52E-01	5.36E-01	7.28E-01	-2.83E-02	8.13E-02	2.81E-02	
group_1988	2.52E-01	8.09E-01	1.46E-01	1.13E-01	7.73E-02	1.17E-01	
group_1543	2.52E-01	5.36E-01	7.28E-01	-2.83E-02	8.13E-02	2.81E-02	
group_1244	2.52E-01	5.36E-01	7.28E-01	-2.83E-02	8.13E-02	2.81E-02	
ddl	2.52E-01	8.69E-08	3.30E-01	1.76E-01	1.80E-01	7.87E-02	
group_423	2.52E-01	8.69E-08	3.30E-01	1.76E-01	1.80E-01	7.87E-02	
asnS_2~~~asnS_1	2.52E-01	8.69E-08	3.30E-01	1.76E-01	1.80E-01	7.87E-02	
group_1257	2.45E-01	1.50E-01	6.03E-01	-4.26E-02	8.17E-02	4.21E-02	
group_1582	2.39E-01	3.64E-01	3.86E-01	6.92E-02	7.97E-02	7.01E-02	
mccF	2.39E-01	1.74E-07	7.04E-01	6.51E-02	1.71E-01	3.08E-02	
group_428	2.39E-01	2.41E-03	1.53E-01	-1.76E-01	1.23E-01	1.15E-01	
group_66	2.39E-01	3.64E-01	9.88E-01	-1.20E-03	7.72E-02	1.25E-03	
group_1563	2.32E-01	3.01E-04	6.97E-01	7.10E-02	1.82E-01	3.16E-02	
group_1360	2.32E-01	1.00E-02	7.35E-01	-2.74E-02	8.06E-02	2.75E-02	
group_1326	2.32E-01	6.84E-06	7.01E-01	6.15E-02	1.60E-01	3.10E-02	
group_1303	2.32E-01	9.07E-02	9.41E-01	-5.99E-03	8.11E-02	5.97E-03	
group_1277	2.32E-01	9.07E-02	9.41E-01	-5.99E-03	8.11E-02	5.97E-03	
group_1082	2.32E-01	9.07E-02	9.41E-01	-5.99E-03	8.11E-02	5.97E-03	
uvrB_2	2.32E-01	9.07E-02	9.41E-01	-5.99E-03	8.11E-02	5.97E-03	
group_918	2.32E-01	6.33E-03	1.77E-01	-1.86E-01	1.38E-01	1.09E-01	
group_869	2.32E-01	1.51E-03	3.82E-01	-1.19E-01	1.36E-01	7.08E-02	
group_665	2.32E-01	9.07E-02	9.41E-01	-5.99E-03	8.11E-02	5.97E-03	
group_499	2.32E-01	3.01E-04	6.97E-01	7.10E-02	1.82E-01	3.16E-02	
group_479	2.32E-01	2.11E-01	7.21E-01	-2.85E-02	7.95E-02	2.89E-02	
group_140	2.32E-01	3.01E-04	6.97E-01	7.10E-02	1.82E-01	3.16E-02	
group_139	2.32E-01	3.01E-04	6.97E-01	7.10E-02	1.82E-01	3.16E-02	
group_2186	2.19E-01	2.92E-01	9.29E-01	7.19E-03	8.06E-02	7.21E-03	
group_1189	2.19E-01	9.25E-05	4.09E-01	1.34E-01	1.62E-01	6.67E-02	
group_1115	2.19E-01	9.25E-05	4.09E-01	1.34E-01	1.62E-01	6.67E-02	
group_1108	2.19E-01	9.82E-02	2.89E-01	1.12E-01	1.05E-01	8.58E-02	
group_602	2.19E-01	2.64E-03	9.22E-01	-9.36E-03	9.49E-02	7.98E-03	
group_198	2.19E-01	1.30E-05	3.71E-01	1.26E-01	1.40E-01	7.24E-02	
group_55	2.19E-01	2.64E-03	9.22E-01	-9.36E-03	9.49E-02	7.98E-03	
group_1448	2.13E-01	1.59E-01	5.14E-01	5.35E-02	8.17E-02	5.28E-02	
group_805	2.13E-01	1.59E-01	5.14E-01	5.35E-02	8.17E-02	5.28E-02	
group_2191	2.06E-01	2.54E-02	2.94E-01	-9.00E-02	8.54E-02	8.49E-02	
group_2183	2.06E-01	7.61E-02	9.32E-01	6.91E-03	8.11E-02	6.88E-03	
group_2165	2.06E-01	7.61E-02	9.32E-01	6.91E-03	8.11E-02	6.88E-03	
group_1993	2.06E-01	7.61E-02	9.32E-01	6.91E-03	8.11E-02	6.88E-03	
group_1982	2.06E-01	7.61E-02	9.32E-01	6.91E-03	8.11E-02	6.88E-03	
group_1743	2.06E-01	7.61E-02	9.32E-01	6.91E-03	8.11E-02	6.88E-03	
group_1655	2.06E-01	7.61E-02	9.32E-01	6.91E-03	8.11E-02	6.88E-03	
group_1219	2.06E-01	7.61E-02	9.32E-01	6.91E-03	8.11E-02	6.88E-03	
group_1210	2.06E-01	1.69E-04	4.52E-01	1.24E-01	1.65E-01	6.08E-02	
group_1154	2.06E-01	9.65E-04	7.25E-01	-4.64E-02	1.31E-01	2.85E-02	
group_1136	2.06E-01	1.69E-04	4.52E-01	1.24E-01	1.65E-01	6.08E-02	
group_1059	2.06E-01	1.69E-04	4.52E-01	1.24E-01	1.65E-01	6.08E-02	
group_1050	2.06E-01	2.41E-05	1.53E-01	2.31E-01	1.61E-01	1.15E-01	
group_857	2.06E-01	1.69E-04	4.52E-01	1.24E-01	1.65E-01	6.08E-02	
group_794	2.06E-01	3.20E-01	1.81E-01	-1.77E-01	1.32E-01	1.08E-01	
group_521	2.06E-01	7.61E-02	9.32E-01	6.91E-03	8.11E-02	6.88E-03	
group_457	2.06E-01	2.41E-05	1.53E-01	2.31E-01	1.61E-01	1.15E-01	
group_305	2.06E-01	7.61E-02	9.32E-01	6.91E-03	8.11E-02	6.88E-03	
group_61	2.06E-01	5.94E-01	1.07E-01	-2.29E-01	1.41E-01	1.30E-01	
group_2013	2.00E-01	3.18E-02	7.27E-01	-2.89E-02	8.28E-02	2.82E-02	
group_1572	2.00E-01	5.52E-04	8.88E-01	-1.86E-02	1.31E-01	1.14E-02	
group_1164	2.00E-01	5.52E-04	8.88E-01	-1.86E-02	1.31E-01	1.14E-02	
group_1044	2.00E-01	5.52E-04	7.41E-01	5.37E-02	1.62E-01	2.68E-02	
ssb_2~~~ssb_3~~~ssb_1	2.00E-01	5.52E-04	8.88E-01	-1.86E-02	1.31E-01	1.14E-02	
group_923	2.00E-01	3.18E-02	7.27E-01	-2.89E-02	8.28E-02	2.82E-02	
group_900	2.00E-01	5.52E-04	9.97E-01	-4.07E-04	1.12E-01	2.93E-04	
group_394	2.00E-01	5.52E-04	8.88E-01	-1.86E-02	1.31E-01	1.14E-02	
group_2072	1.94E-01	4.37E-01	7.43E-01	3.24E-02	9.86E-02	2.65E-02	
group_1568	1.94E-01	3.03E-04	4.98E-01	1.11E-01	1.63E-01	5.49E-02	
group_933	1.94E-01	4.37E-01	7.43E-01	3.24E-02	9.86E-02	2.65E-02	
group_827	1.94E-01	3.03E-04	4.98E-01	1.11E-01	1.63E-01	5.49E-02	
group_635	1.94E-01	7.63E-03	6.30E-01	-8.30E-02	1.72E-01	3.90E-02	
group_291	1.94E-01	2.81E-02	9.00E-01	-2.10E-02	1.68E-01	1.01E-02	
group_59	1.94E-01	4.37E-01	1.89E-01	-1.90E-01	1.44E-01	1.06E-01	
group_2185	1.87E-01	1.92E-02	2.32E-02	-3.24E-01	1.41E-01	1.82E-01	
group_2088	1.87E-01	6.70E-01	6.19E-02	-2.66E-01	1.41E-01	1.50E-01	
group_2005	1.87E-01	1.92E-02	2.32E-02	-3.24E-01	1.41E-01	1.82E-01	
group_1858	1.87E-01	1.92E-02	2.32E-02	-3.24E-01	1.41E-01	1.82E-01	
group_1818	1.87E-01	1.92E-02	2.32E-02	-3.24E-01	1.41E-01	1.82E-01	
group_1802	1.87E-01	1.92E-02	2.32E-02	-3.24E-01	1.41E-01	1.82E-01	
group_1798	1.87E-01	3.44E-03	9.79E-02	-1.42E-01	8.54E-02	1.33E-01	bad-chisq
group_1777	1.87E-01	1.92E-02	2.32E-02	-3.24E-01	1.41E-01	1.82E-01	
group_1767	1.87E-01	1.92E-02	2.32E-02	-3.24E-01	1.41E-01	1.82E-01	
group_1675	1.87E-01	1.58E-04	3.31E-01	1.59E-01	1.63E-01	7.86E-02	
group_1669	1.87E-01	1.92E-02	2.32E-02	-3.24E-01	1.41E-01	1.82E-01	
group_1280	1.87E-01	4.80E-03	3.37E-01	1.20E-01	1.24E-01	7.77E-02	
group_1265	1.87E-01	4.80E-03	8.85E-01	1.62E-02	1.11E-01	1.18E-02	
group_1204	1.87E-01	1.92E-02	2.32E-02	-3.24E-01	1.41E-01	1.82E-01	
group_1134	1.87E-01	1.92E-02	2.32E-02	-3.24E-01	1.41E-01	1.82E-01	
group_963	1.87E-01	1.92E-02	2.32E-02	-3.24E-01	1.41E-01	1.82E-01	
group_962	1.87E-01	1.92E-02	2.32E-02	-3.24E-01	1.41E-01	1.82E-01	
group_957	1.87E-01	4.91E-02	4.41E-01	-6.55E-02	8.48E-02	6.24E-02	
group_922	1.87E-01	1.92E-02	2.32E-02	-3.24E-01	1.41E-01	1.82E-01	
group_921	1.87E-01	1.92E-02	2.32E-02	-3.24E-01	1.41E-01	1.82E-01	
group_873	1.87E-01	1.92E-02	2.32E-02	-3.24E-01	1.41E-01	1.82E-01	
group_852	1.87E-01	1.92E-02	2.32E-02	-3.24E-01	1.41E-01	1.82E-01	
group_851	1.87E-01	1.92E-02	2.32E-02	-3.24E-01	1.41E-01	1.82E-01	
group_849	1.87E-01	1.92E-02	2.32E-02	-3.24E-01	1.41E-01	1.82E-01	
group_846	1.87E-01	1.58E-04	3.31E-01	1.59E-01	1.63E-01	7.86E-02	
group_764	1.87E-01	1.92E-02	2.32E-02	-3.24E-01	1.41E-01	1.82E-01	
group_600	1.87E-01	6.25E-02	6.35E-02	1.97E-01	1.05E-01	1.49E-01	
group_559	1.87E-01	4.80E-03	9.09E-01	-1.48E-02	1.29E-01	9.30E-03	
group_316	1.87E-01	1.92E-02	2.32E-02	-3.24E-01	1.41E-01	1.82E-01	
group_43	1.87E-01	1.92E-02	2.32E-02	-3.24E-01	1.41E-01	1.82E-01	
group_7	1.87E-01	1.92E-02	2.32E-02	-3.24E-01	1.41E-01	1.82E-01	
group_1715	1.81E-01	1.27E-02	4.68E-02	-2.89E-01	1.44E-01	1.60E-01	
group_1095	1.81E-01	1.27E-02	4.68E-02	-2.89E-01	1.44E-01	1.60E-01	
group_888	1.81E-01	1.27E-02	4.68E-02	-2.89E-01	1.44E-01	1.60E-01	
group_699	1.81E-01	1.27E-02	4.68E-02	-2.89E-01	1.44E-01	1.60E-01	
group_340	1.81E-01	1.27E-02	4.68E-02	-2.89E-01	1.44E-01	1.60E-01	
group_308	1.81E-01	3.00E-01	9.33E-01	-9.77E-03	1.15E-01	6.85E-03	
group_1269	1.74E-01	4.97E-01	7.18E-01	-3.68E-02	1.02E-01	2.92E-02	
group_956	1.74E-01	3.70E-05	5.76E-01	6.09E-02	1.09E-01	4.53E-02	
group_460	1.74E-01	4.97E-01	3.67E-01	-1.35E-01	1.49E-01	7.30E-02	
group_52	1.74E-01	2.80E-04	4.30E-01	9.10E-02	1.15E-01	6.38E-02	
group_2041	1.68E-01	7.54E-01	4.60E-02	-3.03E-01	1.51E-01	1.60E-01	
group_1702	1.68E-01	7.54E-01	4.60E-02	-3.03E-01	1.51E-01	1.60E-01	
group_1305	1.68E-01	1.10E-07	2.24E-01	2.38E-01	1.95E-01	9.83E-02	
group_1031	1.68E-01	7.00E-02	2.72E-01	-9.59E-02	8.71E-02	8.87E-02	
group_940	1.68E-01	7.00E-02	2.94E-01	-9.13E-02	8.66E-02	8.49E-02	
group_388	1.68E-01	4.92E-01	3.92E-01	-7.45E-02	8.68E-02	6.92E-02	
sel26_2	1.61E-01	2.88E-03	2.32E-01	-1.52E-01	1.27E-01	9.66E-02	
group_887	1.61E-01	5.67E-01	1.64E-01	-1.98E-01	1.42E-01	1.12E-01	
group_478	1.61E-01	4.86E-04	7.09E-01	-3.66E-02	9.77E-02	3.02E-02	
group_76	1.61E-01	4.86E-04	7.09E-01	-3.66E-02	9.77E-02	3.02E-02	
group_2000	1.55E-01	2.54E-06	3.90E-01	1.40E-01	1.63E-01	6.95E-02	
group_1965	1.55E-01	5.65E-01	9.22E-02	-3.07E-01	1.81E-01	1.36E-01	
group_1925	1.55E-01	2.54E-06	3.90E-01	1.40E-01	1.63E-01	6.95E-02	
group_1832	1.55E-01	6.48E-01	2.90E-01	-1.53E-01	1.44E-01	8.55E-02	
group_1794	1.55E-01	2.54E-06	3.90E-01	1.40E-01	1.63E-01	6.95E-02	
group_1752	1.55E-01	2.54E-06	3.90E-01	1.40E-01	1.63E-01	6.95E-02	
group_1297	1.55E-01	2.54E-06	3.90E-01	1.40E-01	1.63E-01	6.95E-02	
group_1135	1.55E-01	2.54E-06	3.90E-01	1.40E-01	1.63E-01	6.95E-02	
group_1026	1.55E-01	2.54E-06	3.90E-01	1.40E-01	1.63E-01	6.95E-02	
group_930	1.55E-01	2.54E-06	3.90E-01	1.40E-01	1.63E-01	6.95E-02	
group_903	1.55E-01	2.54E-06	3.90E-01	1.40E-01	1.63E-01	6.95E-02	
group_882	1.55E-01	2.54E-06	3.90E-01	1.40E-01	1.63E-01	6.95E-02	
group_878	1.55E-01	2.54E-06	3.90E-01	1.40E-01	1.63E-01	6.95E-02	
group_856	1.55E-01	2.54E-06	3.90E-01	1.40E-01	1.63E-01	6.95E-02	
group_679	1.55E-01	2.54E-06	3.90E-01	1.40E-01	1.63E-01	6.95E-02	
group_609	1.55E-01	3.36E-02	4.80E-01	-6.37E-02	8.99E-02	5.72E-02	
group_346	1.55E-01	2.54E-06	3.90E-01	1.40E-01	1.63E-01	6.95E-02	
group_234	1.55E-01	2.54E-06	3.90E-01	1.40E-01	1.63E-01	6.95E-02	
group_202	1.55E-01	2.54E-06	3.90E-01	1.40E-01	1.63E-01	6.95E-02	
group_2151	1.48E-01	4.75E-01	9.63E-01	5.16E-03	1.12E-01	3.74E-03	
group_2055	1.48E-01	1.10E-04	4.64E-01	-1.14E-01	1.55E-01	5.93E-02	
group_1141	1.48E-01	8.79E-07	2.16E-01	2.07E-01	1.67E-01	1.00E-01	
group_1016	1.48E-01	4.86E-03	5.58E-01	-7.87E-02	1.34E-01	4.74E-02	
sel26_3~~~sel26~~~sel26_1	1.48E-01	2.15E-01	9.89E-01	2.84E-03	2.05E-01	1.12E-03	
group_2047	1.42E-01	2.70E-03	8.69E-01	3.31E-02	2.01E-01	1.33E-02	
group_1327	1.42E-01	8.33E-01	9.71E-01	3.58E-03	9.70E-02	2.98E-03	
group_1209	1.42E-01	4.56E-01	4.89E-01	-6.22E-02	8.97E-02	5.60E-02	
group_1198	1.42E-01	2.70E-03	8.69E-01	3.31E-02	2.01E-01	1.33E-02	
group_1170	1.42E-01	4.56E-01	4.89E-01	-6.22E-02	8.97E-02	5.60E-02	
group_1027	1.42E-01	4.56E-01	4.89E-01	-6.22E-02	8.97E-02	5.60E-02	
group_939	1.42E-01	4.08E-04	7.24E-01	-5.50E-02	1.55E-01	2.86E-02	
group_776	1.42E-01	3.90E-01	8.71E-01	1.53E-02	9.42E-02	1.31E-02	
group_762	1.42E-01	4.08E-04	3.03E-01	-1.70E-01	1.64E-01	8.33E-02	
group_757	1.42E-01	8.33E-01	5.29E-01	-1.08E-01	1.71E-01	5.09E-02	
group_617	1.42E-01	4.08E-04	7.46E-01	-5.74E-02	1.77E-01	2.62E-02	
group_459	1.42E-01	4.56E-01	4.89E-01	-6.22E-02	8.97E-02	5.60E-02	
group_2163	1.35E-01	3.12E-01	4.22E-02	-3.63E-01	1.77E-01	1.63E-01	
group_1329	1.35E-01	3.12E-01	2.40E-01	-1.81E-01	1.54E-01	9.49E-02	
group_1294	1.35E-01	3.56E-02	7.59E-01	-5.61E-02	1.82E-01	2.48E-02	
group_1148	1.35E-01	3.12E-01	4.22E-02	-3.63E-01	1.77E-01	1.63E-01	
group_945	1.35E-01	3.12E-01	4.22E-02	-3.63E-01	1.77E-01	1.63E-01	
group_695	1.35E-01	6.42E-01	1.11E-01	-3.39E-01	2.12E-01	1.29E-01	
group_655	1.35E-01	3.12E-01	8.51E-01	-3.50E-02	1.86E-01	1.52E-02	
group_454	1.35E-01	1.37E-06	1.59E-01	2.52E-01	1.79E-01	1.14E-01	
group_2056	1.29E-01	4.53E-03	8.95E-01	2.85E-02	2.16E-01	1.07E-02	
group_1859	1.29E-01	6.84E-04	3.31E-01	1.07E-01	1.10E-01	7.85E-02	
group_1259	1.29E-01	2.25E-02	7.52E-01	5.53E-02	1.74E-01	2.56E-02	
group_1228	1.29E-01	1.06E-01	2.94E-03	-4.32E-01	1.43E-01	2.37E-01	
group_398	1.29E-01	6.84E-04	3.31E-01	1.07E-01	1.10E-01	7.85E-02	
group_1304	1.23E-01	2.36E-03	8.38E-01	2.23E-02	1.09E-01	1.65E-02	
group_961	1.23E-01	1.34E-02	5.13E-03	-3.79E-01	1.33E-01	2.24E-01	
group_1748	1.16E-01	8.10E-01	6.88E-01	4.03E-02	1.00E-01	3.25E-02	
group_1718	1.16E-01	8.10E-01	6.88E-01	4.03E-02	1.00E-01	3.25E-02	
group_1555	1.16E-01	1.13E-03	9.62E-01	1.10E-02	2.28E-01	3.90E-03	
group_1353	1.16E-01	7.32E-01	1.19E-01	-2.74E-01	1.75E-01	1.26E-01	
group_1325	1.16E-01	7.32E-01	4.81E-01	-8.65E-02	1.22E-01	5.70E-02	
group_1171	1.16E-01	5.60E-07	2.67E-01	2.05E-01	1.84E-01	8.96E-02	
group_830	1.16E-01	3.66E-02	1.32E-01	-2.22E-01	1.47E-01	1.22E-01	
group_629	1.16E-01	1.32E-01	4.78E-01	1.14E-01	1.61E-01	5.74E-02	
group_462	1.16E-01	1.32E-01	4.78E-01	1.14E-01	1.61E-01	5.74E-02	
group_233	1.16E-01	8.10E-01	5.70E-01	-1.11E-01	1.95E-01	4.59E-02	
group_2054	1.10E-01	2.20E-02	6.87E-01	8.38E-02	2.07E-01	3.26E-02	
group_1260	1.10E-01	2.20E-02	6.15E-01	1.03E-01	2.05E-01	4.07E-02	
group_1169	1.10E-01	4.85E-01	7.05E-01	3.85E-02	1.02E-01	3.06E-02	
group_823	1.10E-01	2.20E-02	6.87E-01	8.38E-02	2.07E-01	3.26E-02	
group_626	1.10E-01	4.46E-05	7.19E-01	6.70E-02	1.86E-01	2.92E-02	
group_2040	1.03E-01	2.02E-01	1.04E-01	-3.26E-01	2.00E-01	1.31E-01	
group_1917	1.03E-01	2.02E-01	1.30E-01	-3.23E-01	2.12E-01	1.22E-01	
group_955	1.03E-01	1.92E-04	1.75E-01	1.84E-01	1.35E-01	1.10E-01	
group_871	1.03E-01	5.71E-01	8.73E-01	-2.44E-02	1.53E-01	1.29E-02	
group_839	1.03E-01	2.02E-01	1.04E-01	-3.26E-01	2.00E-01	1.31E-01	
group_444	1.03E-01	2.02E-01	1.30E-01	-3.23E-01	2.12E-01	1.22E-01	
group_2202	9.68E-02	6.34E-03	1.15E-01	2.85E-01	1.80E-01	1.27E-01	
group_2170	9.68E-02	4.04E-01	3.09E-02	-4.80E-01	2.20E-01	1.73E-01	
group_2026	9.68E-02	6.69E-01	4.11E-01	-1.38E-01	1.67E-01	6.65E-02	
group_1918	9.68E-02	3.59E-02	6.14E-01	1.14E-01	2.26E-01	4.08E-02	
group_1797	9.68E-02	6.52E-05	7.88E-01	6.26E-02	2.32E-01	2.18E-02	
group_1436	9.68E-02	6.52E-05	7.88E-01	6.26E-02	2.32E-01	2.18E-02	
group_1262	9.68E-02	3.59E-02	5.55E-01	1.48E-01	2.50E-01	4.78E-02	
group_1149	9.68E-02	3.59E-02	2.22E-01	-1.86E-01	1.52E-01	9.87E-02	
group_1028	9.68E-02	6.69E-01	8.29E-01	-2.20E-02	1.02E-01	1.74E-02	
group_1002	9.68E-02	4.04E-01	3.09E-02	-4.80E-01	2.20E-01	1.73E-01	
group_926	9.68E-02	6.69E-01	4.11E-01	-1.38E-01	1.67E-01	6.65E-02	
group_564	9.68E-02	2.89E-01	1.26E-01	-1.70E-01	1.11E-01	1.23E-01	
group_473	9.68E-02	2.89E-01	1.26E-01	-1.70E-01	1.11E-01	1.23E-01	
group_175	9.68E-02	3.92E-09	4.94E-02	4.57E-01	2.31E-01	1.58E-01	
group_2167	9.03E-02	3.51E-01	1.18E-01	-3.14E-01	2.00E-01	1.26E-01	
group_2155	9.03E-02	9.44E-02	9.24E-02	2.64E-01	1.56E-01	1.36E-01	
group_2066	9.03E-02	7.12E-01	8.31E-01	-3.68E-02	1.72E-01	1.72E-02	
group_1941	9.03E-02	7.78E-01	7.60E-01	-6.38E-02	2.09E-01	2.47E-02	
group_1902	9.03E-02	9.44E-02	9.24E-02	2.64E-01	1.56E-01	1.36E-01	
group_1807	9.03E-02	7.12E-01	8.31E-01	-3.68E-02	1.72E-01	1.72E-02	
group_1765	9.03E-02	2.01E-02	3.14E-01	2.83E-01	2.80E-01	8.13E-02	
group_1723	9.03E-02	3.51E-01	1.88E-01	-1.67E-01	1.26E-01	1.06E-01	
group_1589	9.03E-02	3.51E-01	1.88E-01	-1.67E-01	1.26E-01	1.06E-01	
group_1496	9.03E-02	2.01E-02	3.14E-01	2.83E-01	2.80E-01	8.13E-02	
group_1383	9.03E-02	2.01E-02	3.14E-01	2.83E-01	2.80E-01	8.13E-02	
group_1336	9.03E-02	7.12E-01	4.27E-02	3.60E-01	1.76E-01	1.63E-01	
group_1293	9.03E-02	3.51E-01	3.17E-01	-1.32E-01	1.31E-01	8.09E-02	
group_1274	9.03E-02	3.07E-01	2.78E-02	3.28E-01	1.48E-01	1.77E-01	
group_1273	9.03E-02	3.51E-01	8.97E-01	-2.55E-02	1.97E-01	1.05E-02	
group_1060	9.03E-02	9.44E-02	1.57E-02	2.95E-01	1.21E-01	1.94E-01	
group_931	9.03E-02	7.12E-01	8.31E-01	-3.68E-02	1.72E-01	1.72E-02	
group_825	9.03E-02	3.51E-01	2.91E-01	-2.35E-01	2.21E-01	8.54E-02	
group_810	9.03E-02	7.12E-01	4.27E-02	3.60E-01	1.76E-01	1.63E-01	
group_607	9.03E-02	2.01E-02	2.54E-01	3.14E-01	2.74E-01	9.21E-02	
group_531	9.03E-02	3.51E-01	3.65E-01	-1.48E-01	1.63E-01	7.33E-02	
group_446	9.03E-02	7.78E-01	7.60E-01	-6.38E-02	2.09E-01	2.47E-02	
group_430	9.03E-02	7.78E-01	3.61E-01	-1.55E-01	1.69E-01	7.38E-02	
group_418	9.03E-02	7.12E-01	8.31E-01	-3.68E-02	1.72E-01	1.72E-02	
group_2205	8.39E-02	9.00E-01	5.20E-01	-6.99E-02	1.08E-01	5.20E-02	
group_2142	8.39E-02	9.00E-01	9.95E-02	3.12E-01	1.88E-01	1.33E-01	
group_2115	8.39E-02	9.00E-01	9.95E-02	3.12E-01	1.88E-01	1.33E-01	
group_2101	8.39E-02	9.00E-01	9.95E-02	3.12E-01	1.88E-01	1.33E-01	
group_2081	8.39E-02	9.00E-01	9.95E-02	3.12E-01	1.88E-01	1.33E-01	
group_2067	8.39E-02	9.00E-01	9.95E-02	3.12E-01	1.88E-01	1.33E-01	
group_1995	8.39E-02	9.00E-01	9.95E-02	3.12E-01	1.88E-01	1.33E-01	
group_1970	8.39E-02	9.00E-01	9.95E-02	3.12E-01	1.88E-01	1.33E-01	
group_1959	8.39E-02	9.00E-01	9.95E-02	3.12E-01	1.88E-01	1.33E-01	
group_1955	8.39E-02	9.00E-01	9.95E-02	3.12E-01	1.88E-01	1.33E-01	
group_1923	8.39E-02	9.00E-01	9.95E-02	3.12E-01	1.88E-01	1.33E-01	
group_1922	8.39E-02	9.00E-01	9.95E-02	3.12E-01	1.88E-01	1.33E-01	
group_1913	8.39E-02	9.00E-01	9.95E-02	3.12E-01	1.88E-01	1.33E-01	
group_1897	8.39E-02	9.00E-01	9.95E-02	3.12E-01	1.88E-01	1.33E-01	
group_1804	8.39E-02	9.00E-01	9.95E-02	3.12E-01	1.88E-01	1.33E-01	
group_1774	8.39E-02	9.00E-01	9.95E-02	3.12E-01	1.88E-01	1.33E-01	
group_1773	8.39E-02	9.00E-01	9.95E-02	3.12E-01	1.88E-01	1.33E-01	
group_1730	8.39E-02	9.00E-01	9.95E-02	3.12E-01	1.88E-01	1.33E-01	
group_1713	8.39E-02	9.00E-01	9.95E-02	3.12E-01	1.88E-01	1.33E-01	
group_1626	8.39E-02	9.00E-01	9.95E-02	3.12E-01	1.88E-01	1.33E-01	
group_1610	8.39E-02	5.84E-01	6.26E-01	-1.05E-01	2.14E-01	3.95E-02	
group_1546	8.39E-02	2.22E-01	7.01E-01	-9.47E-02	2.46E-01	3.11E-02	
group_1539	8.39E-02	9.00E-01	9.95E-02	3.12E-01	1.88E-01	1.33E-01	
group_1533	8.39E-02	2.22E-01	3.21E-01	1.46E-01	1.47E-01	8.03E-02	
group_1334	8.39E-02	2.92E-09	6.64E-02	3.83E-01	2.07E-01	1.48E-01	bad-chisq
group_1196	8.39E-02	1.41E-01	1.83E-01	-2.98E-01	2.23E-01	1.08E-01	bad-chisq
group_1131	8.39E-02	9.00E-01	9.95E-02	3.12E-01	1.88E-01	1.33E-01	
group_959	8.39E-02	9.00E-01	5.53E-01	-8.73E-02	1.47E-01	4.81E-02	
group_610	8.39E-02	5.81E-02	5.97E-01	1.53E-01	2.88E-01	4.28E-02	
group_551	8.39E-02	2.22E-01	3.21E-01	1.46E-01	1.47E-01	8.03E-02	
group_309	8.39E-02	2.22E-01	4.72E-01	-2.10E-01	2.92E-01	5.81E-02	
group_152	8.39E-02	9.00E-01	9.95E-02	3.12E-01	1.88E-01	1.33E-01	
group_2007	7.74E-02	2.31E-05	5.80E-01	9.44E-02	1.70E-01	4.48E-02	
group_1986	7.74E-02	1.50E-01	8.09E-01	-8.54E-02	3.52E-01	1.96E-02	
group_1900	7.74E-02	1.50E-01	8.09E-01	-8.54E-02	3.52E-01	1.96E-02	
tnpB	7.74E-02	1.50E-01	8.09E-01	-8.54E-02	3.52E-01	1.96E-02	
group_1717	7.74E-02	1.50E-01	8.09E-01	-8.54E-02	3.52E-01	1.96E-02	
group_1692	7.74E-02	1.50E-01	8.09E-01	-8.54E-02	3.52E-01	1.96E-02	
group_1575	7.74E-02	5.10E-01	2.80E-01	-2.00E-01	1.85E-01	8.73E-02	
group_1522	7.74E-02	1.50E-01	8.09E-01	-8.54E-02	3.52E-01	1.96E-02	
group_1507	7.74E-02	1.50E-01	8.09E-01	-8.54E-02	3.52E-01	1.96E-02	
group_1432	7.74E-02	1.50E-01	8.09E-01	-8.54E-02	3.52E-01	1.96E-02	
group_1405	7.74E-02	5.10E-01	2.80E-01	-2.00E-01	1.85E-01	8.73E-02	
group_1373	7.74E-02	1.50E-01	8.09E-01	-8.54E-02	3.52E-01	1.96E-02	
group_1323	7.74E-02	9.68E-01	9.70E-01	-6.93E-03	1.87E-01	3.00E-03	
group_1299	7.74E-02	1.50E-01	9.81E-01	3.54E-03	1.51E-01	1.89E-03	
fusA_2~~~fusA_1	7.74E-02	1.50E-01	9.81E-01	3.54E-03	1.51E-01	1.89E-03	
group_1105	7.74E-02	1.50E-01	9.81E-01	3.54E-03	1.51E-01	1.89E-03	
group_910	7.74E-02	5.10E-01	3.35E-02	-3.39E-01	1.58E-01	1.71E-01	
group_894	7.74E-02	5.10E-01	2.80E-01	-2.00E-01	1.85E-01	8.73E-02	
group_726	7.74E-02	8.18E-07	6.67E-01	1.08E-01	2.50E-01	3.49E-02	
group_605	7.74E-02	1.50E-01	8.09E-01	-8.54E-02	3.52E-01	1.96E-02	
group_297	7.74E-02	1.50E-01	8.09E-01	-8.54E-02	3.52E-01	1.96E-02	
group_257	7.74E-02	5.10E-01	2.80E-01	-2.00E-01	1.85E-01	8.73E-02	
group_167	7.74E-02	5.10E-01	2.80E-01	-2.00E-01	1.85E-01	8.73E-02	
group_27	7.74E-02	1.50E-01	8.09E-01	-8.54E-02	3.52E-01	1.96E-02	
group_2201	7.10E-02	2.17E-01	3.92E-01	-1.76E-01	2.06E-01	6.92E-02	bad-chisq
group_2171	7.10E-02	1.56E-09	2.53E-02	5.47E-01	2.42E-01	1.80E-01	bad-chisq
group_2157	7.10E-02	2.17E-01	3.92E-01	-1.76E-01	2.06E-01	6.92E-02	bad-chisq
group_2153	7.10E-02	2.17E-01	3.92E-01	-1.76E-01	2.06E-01	6.92E-02	bad-chisq
group_2148	7.10E-02	2.17E-01	1.34E-01	-3.03E-01	2.01E-01	1.21E-01	bad-chisq
group_2127	7.10E-02	6.12E-01	2.26E-01	-1.66E-01	1.37E-01	9.78E-02	
group_2116	7.10E-02	2.17E-01	3.43E-01	-2.46E-01	2.58E-01	7.67E-02	bad-chisq
group_2057	7.10E-02	2.17E-01	3.92E-01	-1.76E-01	2.06E-01	6.92E-02	bad-chisq
group_2052	7.10E-02	1.56E-09	2.53E-02	5.47E-01	2.42E-01	1.80E-01	bad-chisq
group_2029	7.10E-02	6.12E-01	2.26E-01	-1.66E-01	1.37E-01	9.78E-02	
group_2021	7.10E-02	6.12E-01	8.99E-01	1.45E-02	1.15E-01	1.02E-02	
group_2019	7.10E-02	1.56E-09	2.53E-02	5.47E-01	2.42E-01	1.80E-01	bad-chisq
group_2011	7.10E-02	1.56E-09	2.53E-02	5.47E-01	2.42E-01	1.80E-01	bad-chisq
group_1948	7.10E-02	6.12E-01	8.99E-01	1.45E-02	1.15E-01	1.02E-02	
group_1942	7.10E-02	2.17E-01	3.92E-01	-1.76E-01	2.06E-01	6.92E-02	bad-chisq
group_1914	7.10E-02	2.17E-01	3.92E-01	-1.76E-01	2.06E-01	6.92E-02	bad-chisq
group_1903	7.10E-02	2.17E-01	3.92E-01	-1.76E-01	2.06E-01	6.92E-02	bad-chisq
group_1863	7.10E-02	2.17E-01	3.92E-01	-1.76E-01	2.06E-01	6.92E-02	bad-chisq
group_1845	7.10E-02	2.17E-01	3.92E-01	-1.76E-01	2.06E-01	6.92E-02	bad-chisq
group_1827	7.10E-02	1.09E-07	2.02E-01	3.62E-01	2.82E-01	1.03E-01	bad-chisq
group_1816	7.10E-02	2.17E-01	3.92E-01	-1.76E-01	2.06E-01	6.92E-02	bad-chisq
group_1793	7.10E-02	2.17E-01	3.92E-01	-1.76E-01	2.06E-01	6.92E-02	bad-chisq
group_1792	7.10E-02	2.17E-01	3.92E-01	-1.76E-01	2.06E-01	6.92E-02	bad-chisq
group_1756	7.10E-02	2.17E-01	3.92E-01	-1.76E-01	2.06E-01	6.92E-02	bad-chisq
group_1724	7.10E-02	2.17E-01	3.92E-01	-1.76E-01	2.06E-01	6.92E-02	bad-chisq
group_1706	7.10E-02	1.56E-09	2.53E-02	5.47E-01	2.42E-01	1.80E-01	bad-chisq
group_1690	7.10E-02	2.17E-01	3.92E-01	-1.76E-01	2.06E-01	6.92E-02	bad-chisq
group_1672	7.10E-02	2.17E-01	3.92E-01	-1.76E-01	2.06E-01	6.92E-02	bad-chisq
group_1657	7.10E-02	2.17E-01	3.92E-01	-1.76E-01	2.06E-01	6.92E-02	bad-chisq
group_1641	7.10E-02	2.17E-01	3.92E-01	-1.76E-01	2.06E-01	6.92E-02	bad-chisq
group_1634	7.10E-02	2.17E-01	3.92E-01	-1.76E-01	2.06E-01	6.92E-02	bad-chisq
group_1632	7.10E-02	1.09E-07	2.02E-01	3.62E-01	2.82E-01	1.03E-01	bad-chisq
group_1616	7.10E-02	2.17E-01	3.43E-01	-2.46E-01	2.58E-01	7.67E-02	bad-chisq
group_1611	7.10E-02	2.17E-01	3.92E-01	-1.76E-01	2.06E-01	6.92E-02	bad-chisq
group_1586	7.10E-02	8.25E-01	8.21E-01	2.75E-02	1.22E-01	1.83E-02	
group_1578	7.10E-02	2.17E-01	3.92E-01	-1.76E-01	2.06E-01	6.92E-02	bad-chisq
group_1510	7.10E-02	2.17E-01	3.92E-01	-1.76E-01	2.06E-01	6.92E-02	bad-chisq
group_1356	7.10E-02	1.56E-09	2.53E-02	5.47E-01	2.42E-01	1.80E-01	bad-chisq
group_1355	7.10E-02	1.56E-09	2.53E-02	5.47E-01	2.42E-01	1.80E-01	bad-chisq
dnaB_2	7.10E-02	1.56E-09	2.53E-02	5.47E-01	2.42E-01	1.80E-01	bad-chisq
group_1354	7.10E-02	1.56E-09	2.53E-02	5.47E-01	2.42E-01	1.80E-01	bad-chisq
group_1346	7.10E-02	1.56E-09	2.53E-02	5.47E-01	2.42E-01	1.80E-01	bad-chisq
group_1319	7.10E-02	2.17E-01	3.43E-01	-2.46E-01	2.58E-01	7.67E-02	bad-chisq
group_1318	7.10E-02	3.43E-01	7.01E-01	-5.93E-02	1.54E-01	3.11E-02	
group_1311	7.10E-02	2.17E-01	3.43E-01	-2.46E-01	2.58E-01	7.67E-02	bad-chisq
group_1310	7.10E-02	2.17E-01	3.43E-01	-2.46E-01	2.58E-01	7.67E-02	bad-chisq
group_1300	7.10E-02	2.17E-01	3.43E-01	-2.46E-01	2.58E-01	7.67E-02	bad-chisq
group_1295	7.10E-02	2.17E-01	2.27E-01	-1.89E-01	1.56E-01	9.75E-02	bad-chisq
group_1258	7.10E-02	8.25E-01	7.51E-01	-6.95E-02	2.19E-01	2.57E-02	
group_1220	7.10E-02	2.17E-01	3.92E-01	-1.76E-01	2.06E-01	6.92E-02	bad-chisq
group_1207	7.10E-02	1.56E-09	2.53E-02	5.47E-01	2.42E-01	1.80E-01	bad-chisq
group_1201	7.10E-02	6.12E-01	2.95E-02	-3.92E-01	1.78E-01	1.75E-01	
group_1151	7.10E-02	1.56E-09	2.53E-02	5.47E-01	2.42E-01	1.80E-01	bad-chisq
group_1150	7.10E-02	6.12E-01	2.95E-02	-3.92E-01	1.78E-01	1.75E-01	
group_1064	7.10E-02	2.17E-01	1.34E-01	-3.03E-01	2.01E-01	1.21E-01	bad-chisq
group_1023	7.10E-02	8.25E-01	3.37E-01	-1.88E-01	1.96E-01	7.76E-02	
group_947	7.10E-02	1.56E-09	2.53E-02	5.47E-01	2.42E-01	1.80E-01	bad-chisq
ssb_3~~~ssb_4	7.10E-02	1.56E-09	2.53E-02	5.47E-01	2.42E-01	1.80E-01	bad-chisq
group_741	7.10E-02	2.17E-01	3.92E-01	-1.76E-01	2.06E-01	6.92E-02	bad-chisq
group_675	7.10E-02	9.40E-02	4.45E-01	2.00E-01	2.61E-01	6.19E-02	
ssp5~~~pac~~~pas	7.10E-02	2.17E-01	3.92E-01	-1.76E-01	2.06E-01	6.92E-02	bad-chisq
group_588	7.10E-02	6.12E-01	3.41E-01	-1.66E-01	1.74E-01	7.70E-02	
group_562	7.10E-02	1.56E-09	1.54E-02	6.49E-01	2.65E-01	1.94E-01	bad-chisq
group_530	7.10E-02	1.09E-07	2.02E-01	3.62E-01	2.82E-01	1.03E-01	bad-chisq
group_487	7.10E-02	2.17E-01	3.92E-01	-1.76E-01	2.06E-01	6.92E-02	bad-chisq
group_480	7.10E-02	1.56E-09	2.53E-02	5.47E-01	2.42E-01	1.80E-01	bad-chisq
dinG_3	7.10E-02	1.56E-09	2.53E-02	5.47E-01	2.42E-01	1.80E-01	bad-chisq
rhaR_3	7.10E-02	2.17E-01	3.92E-01	-1.76E-01	2.06E-01	6.92E-02	bad-chisq
group_408	7.10E-02	1.56E-09	2.53E-02	5.47E-01	2.42E-01	1.80E-01	bad-chisq
group_378	7.10E-02	2.17E-01	3.92E-01	-1.76E-01	2.06E-01	6.92E-02	bad-chisq
group_322	7.10E-02	2.17E-01	3.92E-01	-1.76E-01	2.06E-01	6.92E-02	bad-chisq
group_268	7.10E-02	2.17E-01	3.92E-01	-1.76E-01	2.06E-01	6.92E-02	bad-chisq
bca	7.10E-02	2.17E-01	3.92E-01	-1.76E-01	2.06E-01	6.92E-02	bad-chisq
group_117	7.10E-02	2.17E-01	3.92E-01	-1.76E-01	2.06E-01	6.92E-02	bad-chisq
group_91	7.10E-02	2.17E-01	3.92E-01	-1.76E-01	2.06E-01	6.92E-02	bad-chisq
smc_3	7.10E-02	2.17E-01	3.92E-01	-1.76E-01	2.06E-01	6.92E-02	bad-chisq
group_24	7.10E-02	2.17E-01	3.92E-01	-1.76E-01	2.06E-01	6.92E-02	bad-chisq
group_2211	6.45E-02	6.46E-07	2.13E-01	2.65E-01	2.12E-01	1.01E-01	bad-chisq
group_2117	6.45E-02	6.24E-02	1.47E-02	-5.35E-01	2.17E-01	1.96E-01	bad-chisq
group_2112	6.45E-02	9.64E-09	8.05E-02	3.20E-01	1.82E-01	1.41E-01	bad-chisq
group_2103	6.45E-02	6.77E-01	5.05E-01	-1.09E-01	1.64E-01	5.39E-02	
group_1576	6.45E-02	6.24E-02	1.84E-03	-5.88E-01	1.86E-01	2.48E-01	bad-chisq
group_1461	6.45E-02	7.31E-01	6.36E-01	-9.93E-02	2.10E-01	3.83E-02	
group_1458	6.45E-02	6.77E-01	6.73E-01	-8.94E-02	2.11E-01	3.42E-02	
group_1417	6.45E-02	6.77E-01	6.73E-01	-8.94E-02	2.11E-01	3.42E-02	
group_1409	6.45E-02	6.24E-02	1.84E-03	-5.88E-01	1.86E-01	2.48E-01	bad-chisq
group_1352	6.45E-02	2.70E-01	2.33E-02	-4.64E-01	2.03E-01	1.82E-01	bad-chisq
group_1350	6.45E-02	2.70E-01	2.33E-02	-4.64E-01	2.03E-01	1.82E-01	bad-chisq
group_1328	6.45E-02	6.77E-01	8.24E-01	-3.38E-02	1.52E-01	1.80E-02	
group_1275	6.45E-02	9.64E-09	8.86E-03	4.52E-01	1.71E-01	2.10E-01	bad-chisq
IntTn	6.45E-02	6.77E-01	5.26E-01	-9.82E-02	1.54E-01	5.14E-02	
group_1128	6.45E-02	6.77E-01	5.26E-01	-9.82E-02	1.54E-01	5.14E-02	
group_1127	6.45E-02	6.77E-01	5.26E-01	-9.82E-02	1.54E-01	5.14E-02	
group_1037	6.45E-02	6.77E-01	6.73E-01	-8.94E-02	2.11E-01	3.42E-02	
group_1033	6.45E-02	6.77E-01	6.73E-01	-8.94E-02	2.11E-01	3.42E-02	
group_966	6.45E-02	9.64E-09	4.64E-02	5.66E-01	2.82E-01	1.60E-01	bad-chisq
group_946	6.45E-02	7.31E-01	6.48E-01	-1.10E-01	2.40E-01	3.69E-02	
group_840	6.45E-02	6.77E-01	5.26E-01	-9.82E-02	1.54E-01	5.14E-02	
group_774	6.45E-02	6.77E-01	5.26E-01	-9.82E-02	1.54E-01	5.14E-02	
idnO_2~~~idnO_1	6.45E-02	6.77E-01	6.73E-01	-8.94E-02	2.11E-01	3.42E-02	
group_591	6.45E-02	9.64E-09	6.57E-02	5.30E-01	2.86E-01	1.48E-01	bad-chisq
uxuA	6.45E-02	6.77E-01	6.73E-01	-8.94E-02	2.11E-01	3.42E-02	
group_516	6.45E-02	6.77E-01	6.73E-01	-8.94E-02	2.11E-01	3.42E-02	
nag3_1~~~nag3_2~~~nag3	6.45E-02	6.77E-01	6.73E-01	-8.94E-02	2.11E-01	3.42E-02	
group_504	6.45E-02	6.77E-01	6.73E-01	-8.94E-02	2.11E-01	3.42E-02	
uxaC	6.45E-02	6.77E-01	6.73E-01	-8.94E-02	2.11E-01	3.42E-02	
group_212	6.45E-02	9.64E-09	4.54E-02	5.73E-01	2.84E-01	1.61E-01	bad-chisq
group_150	6.45E-02	6.77E-01	6.73E-01	-8.94E-02	2.11E-01	3.42E-02	
group_149	6.45E-02	6.77E-01	6.73E-01	-8.94E-02	2.11E-01	3.42E-02	
group_111	6.45E-02	6.77E-01	5.26E-01	-9.82E-02	1.54E-01	5.14E-02	
uidA	6.45E-02	6.77E-01	6.73E-01	-8.94E-02	2.11E-01	3.42E-02	
group_17	6.45E-02	9.64E-09	4.35E-02	6.43E-01	3.16E-01	1.62E-01	bad-chisq
group_2156	5.81E-02	8.69E-01	3.46E-02	-3.86E-01	1.81E-01	1.70E-01	
group_2146	5.81E-02	5.83E-08	1.29E-01	5.35E-01	3.51E-01	1.22E-01	bad-chisq
scnA_1	5.81E-02	5.83E-08	1.29E-01	5.35E-01	3.51E-01	1.22E-01	bad-chisq
group_2098	5.81E-02	5.83E-08	1.29E-01	5.35E-01	3.51E-01	1.22E-01	bad-chisq
group_2009	5.81E-02	8.69E-01	2.80E-01	-1.72E-01	1.59E-01	8.73E-02	
group_1990	5.81E-02	5.83E-08	1.29E-01	5.35E-01	3.51E-01	1.22E-01	bad-chisq
group_1966	5.81E-02	5.83E-08	1.29E-01	5.35E-01	3.51E-01	1.22E-01	bad-chisq
group_1911	5.81E-02	8.69E-01	8.33E-01	2.71E-02	1.29E-01	1.70E-02	
group_1888	5.81E-02	5.83E-08	1.29E-01	5.35E-01	3.51E-01	1.22E-01	bad-chisq
group_1868	5.81E-02	5.83E-08	1.29E-01	5.35E-01	3.51E-01	1.22E-01	bad-chisq
group_1843	5.81E-02	5.83E-08	1.29E-01	5.35E-01	3.51E-01	1.22E-01	bad-chisq
group_1831	5.81E-02	5.83E-08	1.29E-01	5.35E-01	3.51E-01	1.22E-01	bad-chisq
group_1789	5.81E-02	5.83E-08	1.29E-01	5.35E-01	3.51E-01	1.22E-01	bad-chisq
group_1780	5.81E-02	5.83E-08	1.29E-01	5.35E-01	3.51E-01	1.22E-01	bad-chisq
group_1779	5.81E-02	5.83E-08	1.29E-01	5.35E-01	3.51E-01	1.22E-01	bad-chisq
group_1769	5.81E-02	5.83E-08	1.29E-01	5.35E-01	3.51E-01	1.22E-01	bad-chisq
group_1747	5.81E-02	1.52E-01	7.57E-01	6.64E-02	2.14E-01	2.51E-02	bad-chisq
group_1711	5.81E-02	8.69E-01	2.80E-01	-1.72E-01	1.59E-01	8.73E-02	
group_1693	5.81E-02	5.83E-08	1.29E-01	5.35E-01	3.51E-01	1.22E-01	bad-chisq
group_1621	5.81E-02	5.83E-08	1.29E-01	5.35E-01	3.51E-01	1.22E-01	bad-chisq
group_1595	5.81E-02	5.83E-08	1.29E-01	5.35E-01	3.51E-01	1.22E-01	bad-chisq
group_1587	5.81E-02	5.83E-08	1.29E-01	5.35E-01	3.51E-01	1.22E-01	bad-chisq
group_1577	5.81E-02	5.83E-08	1.29E-01	5.35E-01	3.51E-01	1.22E-01	bad-chisq
group_1574	5.81E-02	8.69E-01	3.46E-02	-3.86E-01	1.81E-01	1.70E-01	
group_1558	5.81E-02	8.69E-01	2.80E-01	-1.72E-01	1.59E-01	8.73E-02	
group_1518	5.81E-02	5.83E-08	1.29E-01	5.35E-01	3.51E-01	1.22E-01	bad-chisq
group_1517	5.81E-02	5.83E-08	1.29E-01	5.35E-01	3.51E-01	1.22E-01	bad-chisq
group_1483	5.81E-02	5.83E-08	1.29E-01	5.35E-01	3.51E-01	1.22E-01	bad-chisq
group_1416	5.81E-02	5.83E-08	1.29E-01	5.35E-01	3.51E-01	1.22E-01	bad-chisq
regX_2	5.81E-02	5.83E-08	1.29E-01	5.35E-01	3.51E-01	1.22E-01	bad-chisq
group_1369	5.81E-02	5.83E-08	1.29E-01	5.35E-01	3.51E-01	1.22E-01	bad-chisq
group_1368	5.81E-02	5.83E-08	1.29E-01	5.35E-01	3.51E-01	1.22E-01	bad-chisq
group_1348	5.81E-02	3.35E-01	1.90E-01	-2.13E-01	1.61E-01	1.06E-01	bad-chisq
group_1331	5.81E-02	5.83E-08	1.29E-01	5.35E-01	3.51E-01	1.22E-01	bad-chisq
group_1296	5.81E-02	5.83E-08	1.29E-01	5.35E-01	3.51E-01	1.22E-01	bad-chisq
group_1287	5.81E-02	3.35E-01	5.03E-03	-4.01E-01	1.41E-01	2.24E-01	bad-chisq
group_1276	5.81E-02	3.35E-01	8.71E-02	-3.42E-01	1.99E-01	1.38E-01	bad-chisq
group_1267	5.81E-02	5.26E-01	6.59E-01	6.78E-02	1.54E-01	3.57E-02	
topB~~~dnaI_2~~~dnaI_1	5.81E-02	8.69E-01	9.49E-01	-1.00E-02	1.56E-01	5.20E-03	
group_1191	5.81E-02	8.69E-01	3.94E-01	-1.69E-01	1.97E-01	6.90E-02	
group_1180	5.81E-02	8.69E-01	9.49E-01	-1.00E-02	1.56E-01	5.20E-03	
group_1090	5.81E-02	8.69E-01	9.49E-01	-1.00E-02	1.56E-01	5.20E-03	
group_1058	5.81E-02	5.26E-01	4.35E-01	1.60E-01	2.05E-01	6.31E-02	
group_927	5.81E-02	8.69E-01	3.19E-01	-1.44E-01	1.44E-01	8.06E-02	
group_896	5.81E-02	3.74E-06	3.98E-01	1.70E-01	2.00E-01	6.83E-02	bad-chisq
bcrA_2	5.81E-02	5.83E-08	1.29E-01	5.35E-01	3.51E-01	1.22E-01	bad-chisq
group_782	5.81E-02	8.69E-01	7.75E-01	8.04E-02	2.80E-01	2.32E-02	
group_683	5.81E-02	8.69E-01	2.80E-01	-1.72E-01	1.59E-01	8.73E-02	
group_651	5.81E-02	5.83E-08	9.55E-02	3.25E-01	1.93E-01	1.34E-01	bad-chisq
group_574	5.81E-02	8.69E-01	5.05E-01	-1.83E-01	2.73E-01	5.39E-02	
group_535	5.81E-02	2.57E-02	5.84E-01	1.30E-01	2.37E-01	4.43E-02	bad-chisq
group_477	5.81E-02	5.83E-08	1.29E-01	5.35E-01	3.51E-01	1.22E-01	bad-chisq
group_415	5.81E-02	5.83E-08	1.29E-01	5.35E-01	3.51E-01	1.22E-01	bad-chisq
group_410	5.81E-02	8.69E-01	2.80E-01	-1.72E-01	1.59E-01	8.73E-02	
group_356	5.81E-02	5.83E-08	1.29E-01	5.35E-01	3.51E-01	1.22E-01	bad-chisq
group_336	5.81E-02	3.35E-01	2.53E-01	-3.22E-01	2.80E-01	9.24E-02	bad-chisq
group_265	5.81E-02	2.57E-02	5.84E-01	1.30E-01	2.37E-01	4.43E-02	bad-chisq
sasA_3	5.81E-02	5.83E-08	1.29E-01	5.35E-01	3.51E-01	1.22E-01	bad-chisq
group_251	5.81E-02	8.69E-01	2.80E-01	-1.72E-01	1.59E-01	8.73E-02	
group_241	5.81E-02	5.83E-08	9.55E-02	3.25E-01	1.93E-01	1.34E-01	bad-chisq
group_185	5.81E-02	8.69E-01	5.05E-01	-1.83E-01	2.73E-01	5.39E-02	
group_179	5.81E-02	5.26E-01	3.96E-01	1.79E-01	2.10E-01	6.86E-02	
group_169	5.81E-02	8.69E-01	5.05E-01	-1.83E-01	2.73E-01	5.39E-02	
group_132	5.81E-02	5.83E-08	1.29E-01	5.35E-01	3.51E-01	1.22E-01	bad-chisq
group_88	5.81E-02	5.83E-08	1.29E-01	5.35E-01	3.51E-01	1.22E-01	bad-chisq
group_35	5.81E-02	5.83E-08	1.29E-01	5.35E-01	3.51E-01	1.22E-01	bad-chisq
group_14	5.81E-02	5.83E-08	1.29E-01	5.35E-01	3.51E-01	1.22E-01	bad-chisq
group_2164	5.16E-02	3.46E-07	2.12E-01	2.66E-01	2.12E-01	1.01E-01	bad-chisq
group_2123	5.16E-02	8.53E-02	6.48E-01	1.02E-01	2.24E-01	3.69E-02	bad-chisq
group_2037	5.16E-02	8.53E-02	6.43E-01	1.02E-01	2.20E-01	3.75E-02	bad-chisq
group_1974	5.16E-02	4.17E-01	3.39E-01	-1.61E-01	1.68E-01	7.73E-02	bad-chisq
group_1962	5.16E-02	4.17E-01	3.39E-01	-1.61E-01	1.68E-01	7.73E-02	bad-chisq
group_1871	5.16E-02	4.17E-01	5.78E-01	-1.89E-01	3.40E-01	4.50E-02	bad-chisq
group_1866	5.16E-02	9.74E-01	5.86E-01	1.30E-01	2.38E-01	4.41E-02	
group_1836	5.16E-02	8.53E-02	6.48E-01	1.02E-01	2.24E-01	3.69E-02	bad-chisq
group_1824	5.16E-02	4.17E-01	5.78E-01	-1.89E-01	3.40E-01	4.50E-02	bad-chisq
group_1784	5.16E-02	8.53E-02	6.43E-01	1.02E-01	2.20E-01	3.75E-02	bad-chisq
group_1783	5.16E-02	3.46E-07	3.09E-01	2.72E-01	2.67E-01	8.22E-02	bad-chisq
group_1753	5.16E-02	3.46E-07	2.12E-01	2.66E-01	2.12E-01	1.01E-01	bad-chisq
group_1660	5.16E-02	4.17E-01	5.78E-01	-1.89E-01	3.40E-01	4.50E-02	bad-chisq
group_1658	5.16E-02	4.17E-01	2.94E-02	-3.38E-01	1.54E-01	1.75E-01	bad-chisq
group_1656	5.16E-02	4.17E-01	5.78E-01	-1.89E-01	3.40E-01	4.50E-02	bad-chisq
group_1653	5.16E-02	4.17E-01	5.78E-01	-1.89E-01	3.40E-01	4.50E-02	bad-chisq
group_1588	5.16E-02	4.17E-01	5.78E-01	-1.89E-01	3.40E-01	4.50E-02	bad-chisq
clbS_2	5.16E-02	4.17E-01	5.78E-01	-1.89E-01	3.40E-01	4.50E-02	bad-chisq
group_1460	5.16E-02	4.17E-01	5.78E-01	-1.89E-01	3.40E-01	4.50E-02	bad-chisq
group_1324	5.16E-02	4.17E-01	3.39E-01	-1.61E-01	1.68E-01	7.73E-02	bad-chisq
group_1302	5.16E-02	4.17E-01	3.39E-01	-1.61E-01	1.68E-01	7.73E-02	bad-chisq
group_1234	5.16E-02	9.74E-01	8.86E-01	-3.16E-02	2.20E-01	1.16E-02	
group_1217	5.16E-02	9.74E-01	8.86E-01	-3.16E-02	2.20E-01	1.16E-02	
group_1216	5.16E-02	4.17E-01	3.39E-01	-1.61E-01	1.68E-01	7.73E-02	bad-chisq
group_1184	5.16E-02	9.74E-01	8.86E-01	-3.16E-02	2.20E-01	1.16E-02	
group_1179	5.16E-02	4.17E-01	3.39E-01	-1.61E-01	1.68E-01	7.73E-02	bad-chisq
group_1144	5.16E-02	4.17E-01	3.39E-01	-1.61E-01	1.68E-01	7.73E-02	bad-chisq
group_1138	5.16E-02	4.17E-01	2.97E-02	-3.36E-01	1.53E-01	1.75E-01	bad-chisq
group_1083	5.16E-02	4.17E-01	3.39E-01	-1.61E-01	1.68E-01	7.73E-02	bad-chisq
group_1038	5.16E-02	9.79E-02	2.42E-02	-4.98E-01	2.19E-01	1.81E-01	bad-chisq
QRSL1	5.16E-02	1.03E-02	3.11E-01	2.18E-01	2.15E-01	8.18E-02	bad-chisq
group_978	5.16E-02	3.46E-07	2.12E-01	2.66E-01	2.12E-01	1.01E-01	bad-chisq
group_965	5.16E-02	1.03E-02	2.81E-01	2.85E-01	2.64E-01	8.72E-02	bad-chisq
group_937	5.16E-02	8.53E-02	6.48E-01	1.02E-01	2.24E-01	3.69E-02	bad-chisq
group_915	5.16E-02	4.17E-01	5.78E-01	-1.89E-01	3.40E-01	4.50E-02	bad-chisq
group_893	5.16E-02	4.17E-01	3.39E-01	-1.61E-01	1.68E-01	7.73E-02	bad-chisq
group_845	5.16E-02	8.53E-02	4.91E-01	1.42E-01	2.06E-01	5.57E-02	bad-chisq
group_841	5.16E-02	4.17E-01	2.94E-02	-3.38E-01	1.54E-01	1.75E-01	bad-chisq
group_771	5.16E-02	3.46E-07	2.12E-01	2.66E-01	2.12E-01	1.01E-01	bad-chisq
group_662	5.16E-02	4.17E-01	3.39E-01	-1.61E-01	1.68E-01	7.73E-02	bad-chisq
group_612	5.16E-02	8.53E-02	6.48E-01	1.02E-01	2.24E-01	3.69E-02	bad-chisq
group_2180	4.52E-02	2.02E-06	4.37E-01	1.82E-01	2.34E-01	6.29E-02	bad-chisq
group_2031	4.52E-02	2.02E-06	4.37E-01	1.82E-01	2.34E-01	6.29E-02	bad-chisq
group_1846	4.52E-02	7.99E-01	1.84E-01	-2.69E-01	2.01E-01	1.07E-01	bad-chisq
group_1757	4.52E-02	5.20E-01	6.06E-02	-3.05E-01	1.61E-01	1.51E-01	bad-chisq
group_1710	4.52E-02	2.02E-06	4.37E-01	1.82E-01	2.34E-01	6.29E-02	bad-chisq
group_1705	4.52E-02	2.02E-06	4.37E-01	1.82E-01	2.34E-01	6.29E-02	bad-chisq
group_1609	4.52E-02	2.02E-06	4.37E-01	1.82E-01	2.34E-01	6.29E-02	bad-chisq
group_1605	4.52E-02	1.23E-01	6.80E-03	-5.98E-01	2.18E-01	2.17E-01	bad-chisq
group_1516	4.52E-02	2.02E-06	4.37E-01	1.82E-01	2.34E-01	6.29E-02	bad-chisq
group_1338	4.52E-02	7.99E-01	3.74E-01	1.85E-01	2.07E-01	7.19E-02	bad-chisq
group_1301	4.52E-02	2.48E-01	3.87E-01	1.70E-01	1.96E-01	7.00E-02	bad-chisq
group_1288	4.52E-02	2.48E-01	3.87E-01	1.70E-01	1.96E-01	7.00E-02	bad-chisq
group_1266	4.52E-02	2.48E-01	6.77E-01	9.46E-02	2.27E-01	3.37E-02	bad-chisq
group_1224	4.52E-02	2.48E-01	3.87E-01	1.70E-01	1.96E-01	7.00E-02	bad-chisq
group_1200	4.52E-02	2.48E-01	3.87E-01	1.70E-01	1.96E-01	7.00E-02	bad-chisq
group_1121	4.52E-02	1.23E-01	6.80E-03	-5.98E-01	2.18E-01	2.17E-01	bad-chisq
group_1065	4.52E-02	4.00E-02	3.62E-01	2.28E-01	2.50E-01	7.38E-02	bad-chisq
group_891	4.52E-02	7.99E-01	1.84E-01	-2.69E-01	2.01E-01	1.07E-01	bad-chisq
group_863	4.52E-02	5.20E-01	6.06E-02	-3.05E-01	1.61E-01	1.51E-01	bad-chisq
group_843	4.52E-02	2.02E-06	4.37E-01	1.82E-01	2.34E-01	6.29E-02	bad-chisq
group_834	4.52E-02	1.23E-01	6.80E-03	-5.98E-01	2.18E-01	2.17E-01	bad-chisq
group_816	4.52E-02	2.48E-01	8.69E-01	4.25E-02	2.57E-01	1.34E-02	bad-chisq
group_796	4.52E-02	2.02E-06	4.37E-01	1.82E-01	2.34E-01	6.29E-02	bad-chisq
group_386	4.52E-02	1.23E-01	6.80E-03	-5.98E-01	2.18E-01	2.17E-01	bad-chisq
group_68	4.52E-02	2.02E-06	4.37E-01	1.82E-01	2.34E-01	6.29E-02	bad-chisq
group_2149	3.87E-02	1.55E-01	6.30E-02	-4.69E-01	2.51E-01	1.50E-01	bad-chisq
group_2130	3.87E-02	1.39E-01	6.51E-01	1.24E-01	2.74E-01	3.66E-02	bad-chisq
group_2125	3.87E-02	6.48E-01	6.92E-01	8.96E-02	2.26E-01	3.20E-02	bad-chisq
group_2065	3.87E-02	1.44E-02	5.68E-01	1.15E-01	2.01E-01	4.62E-02	bad-chisq
group_2063	3.87E-02	1.39E-01	8.08E-01	4.93E-02	2.03E-01	1.96E-02	bad-chisq
group_2036	3.87E-02	1.39E-01	6.51E-01	1.24E-01	2.74E-01	3.66E-02	bad-chisq
group_2030	3.87E-02	6.48E-01	3.86E-01	-1.38E-01	1.58E-01	7.00E-02	bad-chisq
group_1960	3.87E-02	6.48E-01	6.26E-01	-1.76E-01	3.61E-01	3.94E-02	bad-chisq
group_1874	3.87E-02	1.39E-01	5.37E-02	3.95E-01	2.03E-01	1.55E-01	bad-chisq
group_1860	3.87E-02	6.09E-01	7.24E-01	-8.40E-02	2.37E-01	2.86E-02	bad-chisq
group_1828	3.87E-02	6.09E-01	5.59E-01	-1.35E-01	2.30E-01	4.73E-02	bad-chisq
group_1733	3.87E-02	6.09E-01	5.59E-01	-1.35E-01	2.30E-01	4.73E-02	bad-chisq
group_1678	3.87E-02	6.48E-01	2.95E-01	-2.04E-01	1.94E-01	8.47E-02	bad-chisq
group_1551	3.87E-02	6.48E-01	6.92E-01	8.96E-02	2.26E-01	3.20E-02	bad-chisq
group_1544	3.87E-02	6.09E-01	5.59E-01	-1.35E-01	2.30E-01	4.73E-02	bad-chisq
group_1493	3.87E-02	1.39E-01	5.37E-02	3.95E-01	2.03E-01	1.55E-01	bad-chisq
group_1412	3.87E-02	6.48E-01	1.29E-01	-3.37E-01	2.21E-01	1.22E-01	bad-chisq
group_1408	3.87E-02	1.39E-01	8.08E-01	4.93E-02	2.03E-01	1.96E-02	bad-chisq
group_1400	3.87E-02	1.55E-01	6.30E-02	-4.69E-01	2.51E-01	1.50E-01	bad-chisq
group_1384	3.87E-02	1.55E-01	2.38E-02	-4.50E-01	1.97E-01	1.82E-01	bad-chisq
group_1378	3.87E-02	1.39E-01	7.32E-01	8.43E-02	2.46E-01	2.77E-02	bad-chisq
group_1322	3.87E-02	6.48E-01	5.50E-01	-1.05E-01	1.75E-01	4.84E-02	bad-chisq
group_1321	3.87E-02	6.48E-01	5.50E-01	-1.05E-01	1.75E-01	4.84E-02	bad-chisq
group_1208	3.87E-02	6.09E-01	8.70E-01	-3.08E-02	1.88E-01	1.32E-02	bad-chisq
group_1158	3.87E-02	1.39E-01	5.37E-02	3.95E-01	2.03E-01	1.55E-01	bad-chisq
group_1119	3.87E-02	6.09E-01	6.72E-01	-9.75E-02	2.30E-01	3.43E-02	bad-chisq
group_1111	3.87E-02	1.55E-01	2.38E-02	-4.50E-01	1.97E-01	1.82E-01	bad-chisq
group_1078	3.87E-02	6.48E-01	5.50E-01	-1.05E-01	1.75E-01	4.84E-02	bad-chisq
group_1066	3.87E-02	6.48E-01	3.66E-01	-2.52E-01	2.79E-01	7.30E-02	bad-chisq
group_975	3.87E-02	1.39E-01	7.79E-01	6.94E-02	2.47E-01	2.28E-02	bad-chisq
group_919	3.87E-02	1.55E-01	2.38E-02	-4.50E-01	1.97E-01	1.82E-01	bad-chisq
group_862	3.87E-02	6.09E-01	5.59E-01	-1.35E-01	2.30E-01	4.73E-02	bad-chisq
group_797	3.87E-02	6.48E-01	1.29E-01	-3.37E-01	2.21E-01	1.22E-01	bad-chisq
group_790	3.87E-02	1.55E-01	2.38E-02	-4.50E-01	1.97E-01	1.82E-01	bad-chisq
group_788	3.87E-02	1.39E-01	7.32E-01	8.43E-02	2.46E-01	2.77E-02	bad-chisq
group_711	3.87E-02	1.44E-02	2.62E-01	3.06E-01	2.73E-01	9.06E-02	bad-chisq
dhaK_1	3.87E-02	1.39E-01	7.32E-01	8.43E-02	2.46E-01	2.77E-02	bad-chisq
dhaK_2	3.87E-02	1.39E-01	7.32E-01	8.43E-02	2.46E-01	2.77E-02	bad-chisq
group_654	3.87E-02	1.55E-01	2.38E-02	-4.50E-01	1.97E-01	1.82E-01	bad-chisq
group_648	3.87E-02	6.48E-01	5.50E-01	-1.05E-01	1.75E-01	4.84E-02	bad-chisq
group_616	3.87E-02	6.09E-01	3.77E-01	-1.89E-01	2.13E-01	7.15E-02	bad-chisq
group_376	3.87E-02	1.55E-01	6.30E-02	-4.69E-01	2.51E-01	1.50E-01	bad-chisq
dhaM	3.87E-02	1.39E-01	7.32E-01	8.43E-02	2.46E-01	2.77E-02	bad-chisq
mepA	3.87E-02	1.55E-01	2.38E-02	-4.50E-01	1.97E-01	1.82E-01	bad-chisq
dhaL	3.87E-02	1.39E-01	7.32E-01	8.43E-02	2.46E-01	2.77E-02	bad-chisq
dhaS	3.87E-02	1.39E-01	7.32E-01	8.43E-02	2.46E-01	2.77E-02	bad-chisq
btuD_2	3.87E-02	1.55E-01	2.38E-02	-4.50E-01	1.97E-01	1.82E-01	bad-chisq
group_70	3.87E-02	1.55E-01	2.38E-02	-4.50E-01	1.97E-01	1.82E-01	bad-chisq
group_2214	3.23E-02	6.08E-02	5.68E-01	1.38E-01	2.41E-01	4.62E-02	bad-chisq
lcnD_2~~~lcnD_1~~~lcnD	3.23E-02	6.08E-02	5.68E-01	1.38E-01	2.41E-01	4.62E-02	bad-chisq
cyaB_2	3.23E-02	6.08E-02	5.68E-01	1.38E-01	2.41E-01	4.62E-02	bad-chisq
group_2213	3.23E-02	6.08E-02	5.68E-01	1.38E-01	2.41E-01	4.62E-02	bad-chisq
group_2212	3.23E-02	6.08E-02	5.68E-01	1.38E-01	2.41E-01	4.62E-02	bad-chisq
group_2196	3.23E-02	6.08E-02	2.81E-01	2.84E-01	2.62E-01	8.72E-02	bad-chisq
scnA_2	3.23E-02	6.65E-05	6.10E-01	1.10E-01	2.15E-01	4.13E-02	bad-chisq
group_2099	3.23E-02	4.13E-01	4.23E-01	1.94E-01	2.42E-01	6.48E-02	bad-chisq
group_2077	3.23E-02	4.13E-01	7.70E-02	4.17E-01	2.34E-01	1.42E-01	bad-chisq
group_2059	3.23E-02	4.13E-01	7.70E-02	4.17E-01	2.34E-01	1.42E-01	bad-chisq
group_2042	3.23E-02	1.95E-01	1.80E-02	-6.65E-01	2.78E-01	1.90E-01	bad-chisq
group_1981	3.23E-02	4.13E-01	4.23E-01	1.94E-01	2.42E-01	6.48E-02	bad-chisq
group_1980	3.23E-02	6.08E-02	5.68E-01	1.38E-01	2.41E-01	4.62E-02	bad-chisq
group_1958	3.23E-02	4.13E-01	4.23E-01	1.94E-01	2.42E-01	6.48E-02	bad-chisq
group_1934	3.23E-02	4.13E-01	7.70E-02	4.17E-01	2.34E-01	1.42E-01	bad-chisq
group_1854	3.23E-02	4.13E-01	7.80E-01	-8.90E-02	3.18E-01	2.26E-02	bad-chisq
group_1800	3.23E-02	1.95E-01	1.80E-02	-6.65E-01	2.78E-01	1.90E-01	bad-chisq
group_1619	3.23E-02	1.95E-01	1.80E-02	-6.65E-01	2.78E-01	1.90E-01	bad-chisq
group_1604	3.23E-02	1.95E-01	1.80E-02	-6.65E-01	2.78E-01	1.90E-01	bad-chisq
group_1545	3.23E-02	8.11E-01	5.54E-01	1.39E-01	2.35E-01	4.79E-02	bad-chisq
satA	3.23E-02	4.13E-01	4.16E-01	-1.72E-01	2.11E-01	6.58E-02	bad-chisq
group_1504	3.23E-02	1.95E-01	1.80E-02	-6.65E-01	2.78E-01	1.90E-01	bad-chisq
group_1450	3.23E-02	1.95E-01	1.80E-02	-6.65E-01	2.78E-01	1.90E-01	bad-chisq
group_1374	3.23E-02	4.13E-01	4.76E-01	-1.52E-01	2.13E-01	5.77E-02	bad-chisq
group_1341	3.23E-02	4.13E-01	8.51E-01	3.94E-02	2.09E-01	1.52E-02	bad-chisq
group_1316	3.23E-02	8.11E-01	7.60E-01	-5.69E-02	1.86E-01	2.48E-02	bad-chisq
group_1314	3.23E-02	8.11E-01	7.60E-01	-5.69E-02	1.86E-01	2.48E-02	bad-chisq
group_1281	3.23E-02	8.11E-01	2.86E-01	-2.40E-01	2.24E-01	8.62E-02	bad-chisq
group_1271	3.23E-02	1.95E-01	2.27E-01	-3.39E-01	2.80E-01	9.76E-02	bad-chisq
group_1245	3.23E-02	4.13E-01	9.87E-01	-3.82E-03	2.39E-01	1.29E-03	bad-chisq
group_1241	3.23E-02	8.11E-01	7.68E-01	-7.63E-02	2.59E-01	2.39E-02	bad-chisq
group_1235	3.23E-02	8.11E-01	7.68E-01	-7.63E-02	2.59E-01	2.39E-02	bad-chisq
group_1229	3.23E-02	4.13E-01	7.46E-01	7.66E-02	2.36E-01	2.63E-02	bad-chisq
group_1218	3.23E-02	8.11E-01	7.68E-01	-7.63E-02	2.59E-01	2.39E-02	bad-chisq
repB_1~~~repB	3.23E-02	8.11E-01	7.68E-01	-7.63E-02	2.59E-01	2.39E-02	bad-chisq
group_1155	3.23E-02	8.11E-01	4.35E-01	1.66E-01	2.12E-01	6.31E-02	bad-chisq
group_1107	3.23E-02	4.13E-01	4.16E-01	-1.72E-01	2.11E-01	6.58E-02	bad-chisq
group_1106	3.23E-02	8.11E-01	7.68E-01	-7.63E-02	2.59E-01	2.39E-02	bad-chisq
group_1030	3.23E-02	1.95E-01	2.31E-02	-4.49E-01	1.96E-01	1.82E-01	bad-chisq
group_1022	3.23E-02	4.13E-01	4.23E-01	1.94E-01	2.42E-01	6.48E-02	bad-chisq
group_967	3.23E-02	8.11E-01	5.29E-01	-1.63E-01	2.58E-01	5.10E-02	bad-chisq
group_925	3.23E-02	4.13E-01	7.80E-01	-8.90E-02	3.18E-01	2.26E-02	bad-chisq
group_842	3.23E-02	6.08E-02	5.43E-01	1.41E-01	2.31E-01	4.92E-02	bad-chisq
xerC~~~xerC_1	3.23E-02	8.11E-01	7.68E-01	-7.63E-02	2.59E-01	2.39E-02	bad-chisq
group_703	3.23E-02	6.08E-02	8.64E-03	5.38E-01	2.02E-01	2.10E-01	bad-chisq
group_544	3.23E-02	4.13E-01	4.23E-01	1.94E-01	2.42E-01	6.48E-02	bad-chisq
group_524	3.23E-02	4.13E-01	7.70E-02	4.17E-01	2.34E-01	1.42E-01	bad-chisq
group_485	3.23E-02	3.37E-03	1.40E-01	4.11E-01	2.77E-01	1.19E-01	bad-chisq
speC	3.23E-02	4.13E-01	4.76E-01	-1.52E-01	2.13E-01	5.77E-02	bad-chisq
group_449	3.23E-02	4.13E-01	4.23E-01	1.94E-01	2.42E-01	6.48E-02	bad-chisq
group_118	3.23E-02	4.13E-01	7.80E-01	-8.90E-02	3.18E-01	2.26E-02	bad-chisq
group_82	3.23E-02	6.08E-02	8.64E-03	5.38E-01	2.02E-01	2.10E-01	bad-chisq
group_80	3.23E-02	4.13E-01	9.51E-01	1.75E-02	2.87E-01	4.94E-03	bad-chisq
group_75	3.23E-02	6.08E-02	2.81E-01	2.84E-01	2.62E-01	8.72E-02	bad-chisq
group_58	3.23E-02	1.95E-01	5.18E-04	-7.56E-01	2.13E-01	2.76E-01	bad-chisq
group_2209	2.58E-02	1.74E-02	2.38E-01	2.93E-01	2.47E-01	9.54E-02	bad-chisq
group_2192	2.58E-02	9.82E-01	2.47E-01	-3.68E-01	3.17E-01	9.35E-02	bad-chisq
group_2189	2.58E-02	2.48E-01	2.69E-01	-3.89E-01	3.50E-01	8.93E-02	bad-chisq
group_2181	2.58E-02	2.48E-01	2.69E-01	-3.89E-01	3.50E-01	8.93E-02	bad-chisq
group_2175	2.58E-02	2.48E-01	2.59E-02	-4.18E-01	1.86E-01	1.79E-01	bad-chisq
group_2161	2.58E-02	9.82E-01	5.64E-01	-1.57E-01	2.71E-01	4.67E-02	bad-chisq
group_2145	2.58E-02	1.74E-02	2.38E-01	2.93E-01	2.47E-01	9.54E-02	bad-chisq
group_2136	2.58E-02	2.48E-01	2.59E-02	-4.18E-01	1.86E-01	1.79E-01	bad-chisq
group_2133	2.58E-02	1.74E-02	1.76E-01	3.23E-01	2.38E-01	1.09E-01	bad-chisq
group_2108	2.58E-02	9.82E-01	5.64E-01	-1.57E-01	2.71E-01	4.67E-02	bad-chisq
group_2086	2.58E-02	2.48E-01	2.59E-02	-4.18E-01	1.86E-01	1.79E-01	bad-chisq
group_2079	2.58E-02	2.30E-01	7.87E-01	8.51E-02	3.15E-01	2.19E-02	bad-chisq
group_2060	2.58E-02	2.48E-01	2.59E-02	-4.18E-01	1.86E-01	1.79E-01	bad-chisq
group_2049	2.58E-02	9.82E-01	5.64E-01	-1.57E-01	2.71E-01	4.67E-02	bad-chisq
group_2020	2.58E-02	3.77E-04	6.02E-05	7.85E-01	1.90E-01	3.16E-01	bad-chisq
group_1998	2.58E-02	2.48E-01	2.59E-02	-4.18E-01	1.86E-01	1.79E-01	bad-chisq
group_1936	2.58E-02	9.82E-01	5.64E-01	-1.57E-01	2.71E-01	4.67E-02	bad-chisq
group_1906	2.58E-02	2.48E-01	2.59E-02	-4.18E-01	1.86E-01	1.79E-01	bad-chisq
group_1904	2.58E-02	9.82E-01	5.64E-01	-1.57E-01	2.71E-01	4.67E-02	bad-chisq
group_1840	2.58E-02	9.82E-01	8.88E-01	-3.30E-02	2.33E-01	1.14E-02	bad-chisq
group_1826	2.58E-02	1.74E-02	2.38E-01	2.93E-01	2.47E-01	9.54E-02	bad-chisq
group_1803	2.58E-02	1.74E-02	2.38E-01	2.93E-01	2.47E-01	9.54E-02	bad-chisq
group_1785	2.58E-02	9.82E-01	5.64E-01	-1.57E-01	2.71E-01	4.67E-02	bad-chisq
group_1771	2.58E-02	2.30E-01	7.87E-01	8.51E-02	3.15E-01	2.19E-02	bad-chisq
group_1761	2.58E-02	9.82E-01	8.88E-01	-3.30E-02	2.33E-01	1.14E-02	bad-chisq
group_1755	2.58E-02	9.82E-01	1.68E-01	3.61E-01	2.60E-01	1.11E-01	bad-chisq
group_1745	2.58E-02	2.48E-01	2.69E-01	-3.89E-01	3.50E-01	8.93E-02	bad-chisq
group_1720	2.58E-02	9.82E-01	5.64E-01	-1.57E-01	2.71E-01	4.67E-02	bad-chisq
group_1689	2.58E-02	1.74E-02	2.38E-01	2.93E-01	2.47E-01	9.54E-02	bad-chisq
group_1668	2.58E-02	2.48E-01	2.59E-02	-4.18E-01	1.86E-01	1.79E-01	bad-chisq
group_1627	2.58E-02	9.82E-01	5.64E-01	-1.57E-01	2.71E-01	4.67E-02	bad-chisq
group_1623	2.58E-02	9.82E-01	6.09E-01	1.33E-01	2.59E-01	4.14E-02	bad-chisq
group_1547	2.58E-02	1.74E-02	2.38E-01	2.93E-01	2.47E-01	9.54E-02	bad-chisq
clbS_1	2.58E-02	9.82E-01	1.68E-01	3.61E-01	2.60E-01	1.11E-01	bad-chisq
group_1535	2.58E-02	9.82E-01	5.27E-01	-1.62E-01	2.56E-01	5.12E-02	bad-chisq
group_1527	2.58E-02	2.30E-01	7.87E-01	8.51E-02	3.15E-01	2.19E-02	bad-chisq
group_1497	2.58E-02	2.48E-01	5.25E-02	-4.17E-01	2.13E-01	1.56E-01	bad-chisq
group_1495	2.58E-02	9.82E-01	1.68E-01	3.61E-01	2.60E-01	1.11E-01	bad-chisq
group_1479	2.58E-02	1.74E-02	1.76E-01	3.23E-01	2.38E-01	1.09E-01	bad-chisq
group_1390	2.58E-02	2.30E-01	7.87E-01	8.51E-02	3.15E-01	2.19E-02	bad-chisq
ermA1	2.58E-02	9.82E-01	5.27E-01	-1.62E-01	2.56E-01	5.12E-02	bad-chisq
group_1351	2.58E-02	9.82E-01	1.68E-01	3.61E-01	2.60E-01	1.11E-01	bad-chisq
group_1337	2.58E-02	1.74E-02	3.73E-03	5.60E-01	1.90E-01	2.32E-01	bad-chisq
group_1255	2.58E-02	2.30E-01	7.87E-01	8.51E-02	3.15E-01	2.19E-02	bad-chisq
group_1226	2.58E-02	2.48E-01	2.59E-02	-4.18E-01	1.86E-01	1.79E-01	bad-chisq
group_1215	2.58E-02	9.82E-01	1.68E-01	3.61E-01	2.60E-01	1.11E-01	bad-chisq
group_1214	2.58E-02	2.48E-01	2.59E-02	-4.18E-01	1.86E-01	1.79E-01	bad-chisq
ecfT_2~~~ecfT_1	2.58E-02	9.82E-01	1.68E-01	3.61E-01	2.60E-01	1.11E-01	bad-chisq
group_1163	2.58E-02	2.48E-01	2.59E-02	-4.18E-01	1.86E-01	1.79E-01	bad-chisq
group_1087	2.58E-02	9.82E-01	5.64E-01	-1.57E-01	2.71E-01	4.67E-02	bad-chisq
group_1079	2.58E-02	9.82E-01	1.68E-01	3.61E-01	2.60E-01	1.11E-01	bad-chisq
group_972	2.58E-02	2.48E-01	8.33E-02	-3.92E-01	2.25E-01	1.40E-01	bad-chisq
group_969	2.58E-02	1.74E-02	1.92E-01	3.54E-01	2.70E-01	1.05E-01	bad-chisq
group_824	2.58E-02	9.82E-01	5.27E-01	-1.62E-01	2.56E-01	5.12E-02	bad-chisq
group_657	2.58E-02	9.82E-01	1.68E-01	3.61E-01	2.60E-01	1.11E-01	bad-chisq
erm	2.58E-02	2.48E-01	9.15E-02	-3.49E-01	2.06E-01	1.36E-01	bad-chisq
group_470	2.58E-02	9.82E-01	2.47E-01	-3.68E-01	3.17E-01	9.35E-02	bad-chisq
group_383	2.58E-02	2.30E-01	7.87E-01	8.51E-02	3.15E-01	2.19E-02	bad-chisq
group_374	2.58E-02	2.48E-01	5.25E-02	-4.17E-01	2.13E-01	1.56E-01	bad-chisq
group_313	2.58E-02	9.82E-01	1.88E-01	-3.19E-01	2.42E-01	1.06E-01	bad-chisq
group_275	2.58E-02	1.74E-02	2.38E-01	2.93E-01	2.47E-01	9.54E-02	bad-chisq
lacC_1	2.58E-02	2.30E-01	8.43E-01	5.33E-02	2.69E-01	1.60E-02	bad-chisq
group_77	2.58E-02	9.82E-01	1.68E-01	3.61E-01	2.60E-01	1.11E-01	bad-chisq
group_64	2.58E-02	2.30E-01	8.99E-01	-3.29E-02	2.60E-01	1.02E-02	bad-chisq
group_2206	1.94E-02	3.19E-01	4.44E-01	-2.89E-01	3.76E-01	6.19E-02	bad-chisq
group_2203	1.94E-02	8.66E-02	1.05E-02	5.30E-01	2.05E-01	2.05E-01	bad-chisq
group_2199	1.94E-02	3.19E-01	4.44E-01	-2.89E-01	3.76E-01	6.19E-02	bad-chisq
group_2187	1.94E-02	8.66E-02	1.05E-02	5.30E-01	2.05E-01	2.05E-01	bad-chisq
group_2182	1.94E-02	3.19E-01	4.44E-01	-2.89E-01	3.76E-01	6.19E-02	bad-chisq
group_2172	1.94E-02	8.66E-02	1.05E-02	5.30E-01	2.05E-01	2.05E-01	bad-chisq
group_2168	1.94E-02	3.19E-01	4.44E-01	-2.89E-01	3.76E-01	6.19E-02	bad-chisq
group_2150	1.94E-02	7.20E-01	9.50E-01	-1.97E-02	3.12E-01	5.11E-03	bad-chisq
group_2147	1.94E-02	8.66E-02	4.83E-01	2.13E-01	3.03E-01	5.67E-02	bad-chisq
group_2138	1.94E-02	8.66E-02	1.05E-02	5.30E-01	2.05E-01	2.05E-01	bad-chisq
group_2135	1.94E-02	3.19E-01	4.44E-01	-2.89E-01	3.76E-01	6.19E-02	bad-chisq
group_2134	1.94E-02	7.20E-01	9.33E-01	2.65E-02	3.17E-01	6.77E-03	bad-chisq
group_2128	1.94E-02	8.66E-02	1.05E-02	5.30E-01	2.05E-01	2.05E-01	bad-chisq
group_2126	1.94E-02	7.20E-01	9.33E-01	2.65E-02	3.17E-01	6.77E-03	bad-chisq
group_2122	1.94E-02	8.66E-02	4.13E-01	2.29E-01	2.80E-01	6.61E-02	bad-chisq
group_2100	1.94E-02	8.66E-02	1.05E-02	5.30E-01	2.05E-01	2.05E-01	bad-chisq
group_2074	1.94E-02	8.66E-02	4.13E-01	2.29E-01	2.80E-01	6.61E-02	bad-chisq
group_2068	1.94E-02	3.19E-01	1.04E-02	-7.23E-01	2.79E-01	2.05E-01	bad-chisq
group_2061	1.94E-02	3.19E-01	1.95E-01	-4.15E-01	3.19E-01	1.05E-01	bad-chisq
group_2032	1.94E-02	8.66E-02	1.05E-02	5.30E-01	2.05E-01	2.05E-01	bad-chisq
group_2016	1.94E-02	3.19E-01	1.95E-01	-4.15E-01	3.19E-01	1.05E-01	bad-chisq
group_2003	1.94E-02	3.19E-01	1.95E-01	-4.15E-01	3.19E-01	1.05E-01	bad-chisq
group_2001	1.94E-02	7.20E-01	6.30E-01	-1.94E-01	4.01E-01	3.90E-02	bad-chisq
group_1997	1.94E-02	7.20E-01	9.33E-01	2.65E-02	3.17E-01	6.77E-03	bad-chisq
group_1996	1.94E-02	7.20E-01	2.66E-01	-3.14E-01	2.82E-01	8.99E-02	bad-chisq
group_1992	1.94E-02	8.66E-02	1.05E-02	5.30E-01	2.05E-01	2.05E-01	bad-chisq
group_1991	1.94E-02	8.66E-02	1.05E-02	5.30E-01	2.05E-01	2.05E-01	bad-chisq
group_1945	1.94E-02	3.19E-01	1.04E-02	-7.23E-01	2.79E-01	2.05E-01	bad-chisq
group_1889	1.94E-02	3.19E-01	4.44E-01	-2.89E-01	3.76E-01	6.19E-02	bad-chisq
group_1884	1.94E-02	7.20E-01	9.33E-01	2.65E-02	3.17E-01	6.77E-03	bad-chisq
group_1883	1.94E-02	8.66E-02	1.05E-02	5.30E-01	2.05E-01	2.05E-01	bad-chisq
group_1875	1.94E-02	7.20E-01	6.70E-01	-1.68E-01	3.93E-01	3.45E-02	bad-chisq
group_1857	1.94E-02	3.19E-01	4.44E-01	-2.89E-01	3.76E-01	6.19E-02	bad-chisq
group_1853	1.94E-02	8.66E-02	1.05E-02	5.30E-01	2.05E-01	2.05E-01	bad-chisq
group_1833	1.94E-02	3.19E-01	1.95E-01	-4.15E-01	3.19E-01	1.05E-01	bad-chisq
group_1829	1.94E-02	8.66E-02	1.05E-02	5.30E-01	2.05E-01	2.05E-01	bad-chisq
group_1823	1.94E-02	7.20E-01	6.30E-01	-1.94E-01	4.01E-01	3.90E-02	bad-chisq
group_1819	1.94E-02	8.66E-02	1.05E-02	5.30E-01	2.05E-01	2.05E-01	bad-chisq
group_1809	1.94E-02	3.19E-01	4.44E-01	-2.89E-01	3.76E-01	6.19E-02	bad-chisq
group_1763	1.94E-02	8.66E-02	4.13E-01	2.29E-01	2.80E-01	6.61E-02	bad-chisq
group_1762	1.94E-02	3.19E-01	4.44E-01	-2.89E-01	3.76E-01	6.19E-02	bad-chisq
group_1750	1.94E-02	8.66E-02	1.05E-02	5.30E-01	2.05E-01	2.05E-01	bad-chisq
group_1742	1.94E-02	8.66E-02	1.05E-02	5.30E-01	2.05E-01	2.05E-01	bad-chisq
group_1734	1.94E-02	8.66E-02	1.05E-02	5.30E-01	2.05E-01	2.05E-01	bad-chisq
group_1732	1.94E-02	3.19E-01	1.04E-02	-7.23E-01	2.79E-01	2.05E-01	bad-chisq
group_1725	1.94E-02	3.19E-01	1.95E-01	-4.15E-01	3.19E-01	1.05E-01	bad-chisq
group_1704	1.94E-02	8.66E-02	4.13E-01	2.29E-01	2.80E-01	6.61E-02	bad-chisq
group_1680	1.94E-02	3.19E-01	4.44E-01	-2.89E-01	3.76E-01	6.19E-02	bad-chisq
group_1679	1.94E-02	8.66E-02	1.05E-02	5.30E-01	2.05E-01	2.05E-01	bad-chisq
group_1662	1.94E-02	8.66E-02	1.05E-02	5.30E-01	2.05E-01	2.05E-01	bad-chisq
group_1659	1.94E-02	8.66E-02	1.05E-02	5.30E-01	2.05E-01	2.05E-01	bad-chisq
group_1652	1.94E-02	7.20E-01	6.70E-01	-1.68E-01	3.93E-01	3.45E-02	bad-chisq
group_1633	1.94E-02	2.15E-03	6.86E-02	5.83E-01	3.18E-01	1.47E-01	bad-chisq
group_1622	1.94E-02	3.19E-01	4.44E-01	-2.89E-01	3.76E-01	6.19E-02	bad-chisq
group_1613	1.94E-02	3.19E-01	4.44E-01	-2.89E-01	3.76E-01	6.19E-02	bad-chisq
group_1606	1.94E-02	3.19E-01	1.95E-01	-4.15E-01	3.19E-01	1.05E-01	bad-chisq
group_1602	1.94E-02	8.66E-02	1.05E-02	5.30E-01	2.05E-01	2.05E-01	bad-chisq
group_1584	1.94E-02	8.66E-02	1.05E-02	5.30E-01	2.05E-01	2.05E-01	bad-chisq
group_1579	1.94E-02	3.19E-01	4.44E-01	-2.89E-01	3.76E-01	6.19E-02	bad-chisq
group_1552	1.94E-02	8.66E-02	1.05E-02	5.30E-01	2.05E-01	2.05E-01	bad-chisq
group_1532	1.94E-02	3.19E-01	1.95E-01	-4.15E-01	3.19E-01	1.05E-01	bad-chisq
group_1514	1.94E-02	8.66E-02	1.05E-02	5.30E-01	2.05E-01	2.05E-01	bad-chisq
group_1481	1.94E-02	8.66E-02	1.05E-02	5.30E-01	2.05E-01	2.05E-01	bad-chisq
group_1456	1.94E-02	7.20E-01	9.33E-01	2.65E-02	3.17E-01	6.77E-03	bad-chisq
group_1445	1.94E-02	8.66E-02	1.05E-02	5.30E-01	2.05E-01	2.05E-01	bad-chisq
clpP_1	1.94E-02	8.66E-02	1.05E-02	5.30E-01	2.05E-01	2.05E-01	bad-chisq
group_1397	1.94E-02	8.66E-02	1.05E-02	5.30E-01	2.05E-01	2.05E-01	bad-chisq
group_1394	1.94E-02	8.66E-02	4.28E-01	2.12E-01	2.66E-01	6.41E-02	bad-chisq
group_1361	1.94E-02	3.19E-01	1.95E-01	-4.15E-01	3.19E-01	1.05E-01	bad-chisq
group_1320	1.94E-02	3.19E-01	1.95E-01	-4.15E-01	3.19E-01	1.05E-01	bad-chisq
group_1313	1.94E-02	3.19E-01	1.95E-01	-4.15E-01	3.19E-01	1.05E-01	bad-chisq
group_1261	1.94E-02	8.66E-02	3.71E-01	2.81E-01	3.13E-01	7.24E-02	bad-chisq
group_1225	1.94E-02	3.19E-01	1.40E-01	-4.62E-01	3.11E-01	1.19E-01	bad-chisq
group_1145	1.94E-02	3.19E-01	4.44E-01	-2.89E-01	3.76E-01	6.19E-02	bad-chisq
group_1129	1.94E-02	8.66E-02	4.13E-01	2.29E-01	2.80E-01	6.61E-02	bad-chisq
group_1118	1.94E-02	8.66E-02	1.05E-02	5.30E-01	2.05E-01	2.05E-01	bad-chisq
group_950	1.94E-02	3.19E-01	4.44E-01	-2.89E-01	3.76E-01	6.19E-02	bad-chisq
group_942	1.94E-02	8.66E-02	1.05E-02	5.30E-01	2.05E-01	2.05E-01	bad-chisq
group_908	1.94E-02	7.20E-01	6.30E-01	-1.94E-01	4.01E-01	3.90E-02	bad-chisq
group_899	1.94E-02	7.20E-01	6.29E-01	-1.36E-01	2.80E-01	3.92E-02	bad-chisq
group_895	1.94E-02	3.19E-01	4.44E-01	-2.89E-01	3.76E-01	6.19E-02	bad-chisq
group_890	1.94E-02	3.19E-01	1.95E-01	-4.15E-01	3.19E-01	1.05E-01	bad-chisq
group_859	1.94E-02	8.66E-02	1.05E-02	5.30E-01	2.05E-01	2.05E-01	bad-chisq
group_822	1.94E-02	3.19E-01	1.95E-01	-4.15E-01	3.19E-01	1.05E-01	bad-chisq
group_807	1.94E-02	3.19E-01	4.44E-01	-2.89E-01	3.76E-01	6.19E-02	bad-chisq
group_799	1.94E-02	3.19E-01	4.44E-01	-2.89E-01	3.76E-01	6.19E-02	bad-chisq
group_798	1.94E-02	8.66E-02	1.05E-02	5.30E-01	2.05E-01	2.05E-01	bad-chisq
group_644	1.94E-02	8.66E-02	1.05E-02	5.30E-01	2.05E-01	2.05E-01	bad-chisq
group_643	1.94E-02	8.66E-02	1.05E-02	5.30E-01	2.05E-01	2.05E-01	bad-chisq
group_622	1.94E-02	8.66E-02	1.05E-02	5.30E-01	2.05E-01	2.05E-01	bad-chisq
group_595	1.94E-02	7.20E-01	3.46E-01	2.45E-01	2.59E-01	7.62E-02	bad-chisq
group_593	1.94E-02	3.19E-01	1.95E-01	-4.15E-01	3.19E-01	1.05E-01	bad-chisq
metK_1	1.94E-02	8.66E-02	1.05E-02	5.30E-01	2.05E-01	2.05E-01	bad-chisq
group_523	1.94E-02	8.66E-02	1.05E-02	5.30E-01	2.05E-01	2.05E-01	bad-chisq
group_518	1.94E-02	3.19E-01	4.44E-01	-2.89E-01	3.76E-01	6.19E-02	bad-chisq
group_507	1.94E-02	8.66E-02	1.05E-02	5.30E-01	2.05E-01	2.05E-01	bad-chisq
group_501	1.94E-02	8.66E-02	1.05E-02	5.30E-01	2.05E-01	2.05E-01	bad-chisq
group_497	1.94E-02	3.19E-01	4.44E-01	-2.89E-01	3.76E-01	6.19E-02	bad-chisq
group_468	1.94E-02	8.66E-02	1.05E-02	5.30E-01	2.05E-01	2.05E-01	bad-chisq
group_458	1.94E-02	8.66E-02	4.01E-01	2.36E-01	2.81E-01	6.79E-02	bad-chisq
group_414	1.94E-02	3.19E-01	4.44E-01	-2.89E-01	3.76E-01	6.19E-02	bad-chisq
sfaA	1.94E-02	8.66E-02	1.05E-02	5.30E-01	2.05E-01	2.05E-01	bad-chisq
group_389	1.94E-02	8.66E-02	1.05E-02	5.30E-01	2.05E-01	2.05E-01	bad-chisq
group_380	1.94E-02	8.66E-02	1.05E-02	5.30E-01	2.05E-01	2.05E-01	bad-chisq
group_377	1.94E-02	8.66E-02	1.05E-02	5.30E-01	2.05E-01	2.05E-01	bad-chisq
group_371	1.94E-02	8.66E-02	1.05E-02	5.30E-01	2.05E-01	2.05E-01	bad-chisq
group_349	1.94E-02	8.66E-02	1.05E-02	5.30E-01	2.05E-01	2.05E-01	bad-chisq
group_334	1.94E-02	8.66E-02	1.05E-02	5.30E-01	2.05E-01	2.05E-01	bad-chisq
group_333	1.94E-02	3.19E-01	1.95E-01	-4.15E-01	3.19E-01	1.05E-01	bad-chisq
group_253	1.94E-02	8.66E-02	1.05E-02	5.30E-01	2.05E-01	2.05E-01	bad-chisq
group_232	1.94E-02	8.66E-02	1.05E-02	5.30E-01	2.05E-01	2.05E-01	bad-chisq
group_231	1.94E-02	8.66E-02	4.01E-01	2.36E-01	2.81E-01	6.79E-02	bad-chisq
ettA	1.94E-02	8.66E-02	1.05E-02	5.30E-01	2.05E-01	2.05E-01	bad-chisq
group_156	1.94E-02	8.66E-02	1.05E-02	5.30E-01	2.05E-01	2.05E-01	bad-chisq
group_133	1.94E-02	8.66E-02	1.05E-02	5.30E-01	2.05E-01	2.05E-01	bad-chisq
group_127	1.94E-02	3.19E-01	1.95E-01	-4.15E-01	3.19E-01	1.05E-01	bad-chisq
comEC	1.94E-02	8.66E-02	1.05E-02	5.30E-01	2.05E-01	2.05E-01	bad-chisq
group_74	1.94E-02	3.19E-01	4.44E-01	-2.89E-01	3.76E-01	6.19E-02	bad-chisq
group_71	1.94E-02	3.19E-01	1.95E-01	-4.15E-01	3.19E-01	1.05E-01	bad-chisq
group_65	1.94E-02	3.19E-01	1.04E-02	-7.23E-01	2.79E-01	2.05E-01	bad-chisq
group_45	1.94E-02	8.66E-02	1.05E-02	5.30E-01	2.05E-01	2.05E-01	bad-chisq
group_39	1.94E-02	8.66E-02	1.05E-02	5.30E-01	2.05E-01	2.05E-01	bad-chisq
group_25	1.94E-02	8.66E-02	1.05E-02	5.30E-01	2.05E-01	2.05E-01	bad-chisq
group_16	1.94E-02	3.19E-01	4.44E-01	-2.89E-01	3.76E-01	6.19E-02	bad-chisq
group_10	1.94E-02	8.66E-02	1.05E-02	5.30E-01	2.05E-01	2.05E-01	bad-chisq
group_2255	1.29E-02	3.99E-01	9.72E-01	1.23E-02	3.51E-01	2.83E-03	bad-chisq
group_2251	1.29E-02	4.17E-01	3.54E-01	-3.80E-01	4.08E-01	7.50E-02	bad-chisq
group_2238	1.29E-02	1.25E-02	9.93E-02	6.33E-01	3.82E-01	1.33E-01	bad-chisq
group_2236	1.29E-02	1.25E-02	9.93E-02	6.33E-01	3.82E-01	1.33E-01	bad-chisq
group_2225	1.29E-02	1.25E-02	9.93E-02	6.33E-01	3.82E-01	1.33E-01	bad-chisq
group_2224	1.29E-02	1.25E-02	9.93E-02	6.33E-01	3.82E-01	1.33E-01	bad-chisq
group_2223	1.29E-02	1.25E-02	9.93E-02	6.33E-01	3.82E-01	1.33E-01	bad-chisq
group_2222	1.29E-02	1.25E-02	9.93E-02	6.33E-01	3.82E-01	1.33E-01	bad-chisq
group_2221	1.29E-02	1.25E-02	9.93E-02	6.33E-01	3.82E-01	1.33E-01	bad-chisq
group_2220	1.29E-02	1.25E-02	9.93E-02	6.33E-01	3.82E-01	1.33E-01	bad-chisq
rep	1.29E-02	1.25E-02	9.93E-02	6.33E-01	3.82E-01	1.33E-01	bad-chisq
recF_1	1.29E-02	1.25E-02	9.93E-02	6.33E-01	3.82E-01	1.33E-01	bad-chisq
group_2219	1.29E-02	1.25E-02	9.93E-02	6.33E-01	3.82E-01	1.33E-01	bad-chisq
group_2216	1.29E-02	1.25E-02	1.10E-01	5.33E-01	3.32E-01	1.29E-01	bad-chisq
group_2215	1.29E-02	1.25E-02	1.01E-01	5.55E-01	3.37E-01	1.32E-01	bad-chisq
group_2204	1.29E-02	1.25E-02	1.10E-01	5.33E-01	3.32E-01	1.29E-01	bad-chisq
group_2197	1.29E-02	3.99E-01	8.79E-01	5.09E-02	3.34E-01	1.23E-02	bad-chisq
group_2184	1.29E-02	1.25E-02	1.10E-01	5.33E-01	3.32E-01	1.29E-01	bad-chisq
group_2174	1.29E-02	1.25E-02	1.09E-01	5.55E-01	3.45E-01	1.29E-01	bad-chisq
group_2162	1.29E-02	4.17E-01	3.54E-01	-3.80E-01	4.08E-01	7.50E-02	bad-chisq
group_2160	1.29E-02	3.99E-01	4.66E-01	2.49E-01	3.40E-01	5.90E-02	bad-chisq
group_2143	1.29E-02	3.99E-01	8.97E-01	4.36E-02	3.35E-01	1.05E-02	bad-chisq
group_2139	1.29E-02	3.99E-01	9.32E-01	3.48E-02	4.08E-01	6.90E-03	bad-chisq
group_2131	1.29E-02	1.25E-02	1.09E-01	5.55E-01	3.45E-01	1.29E-01	bad-chisq
group_2113	1.29E-02	1.25E-02	1.10E-01	5.33E-01	3.32E-01	1.29E-01	bad-chisq
group_2094	1.29E-02	1.25E-02	1.09E-01	5.55E-01	3.45E-01	1.29E-01	bad-chisq
group_2082	1.29E-02	3.99E-01	4.66E-01	2.49E-01	3.40E-01	5.90E-02	bad-chisq
group_2050	1.29E-02	4.17E-01	3.54E-01	-3.80E-01	4.08E-01	7.50E-02	bad-chisq
group_2048	1.29E-02	1.25E-02	1.10E-01	5.33E-01	3.32E-01	1.29E-01	bad-chisq
group_2034	1.29E-02	1.25E-02	1.10E-01	5.33E-01	3.32E-01	1.29E-01	bad-chisq
group_2033	1.29E-02	1.25E-02	1.10E-01	5.33E-01	3.32E-01	1.29E-01	bad-chisq
group_2023	1.29E-02	1.25E-02	1.85E-01	4.16E-01	3.12E-01	1.07E-01	bad-chisq
group_2022	1.29E-02	1.25E-02	7.45E-02	6.09E-01	3.39E-01	1.44E-01	bad-chisq
group_2010	1.29E-02	1.25E-02	1.10E-01	5.33E-01	3.32E-01	1.29E-01	bad-chisq
group_1989	1.29E-02	1.25E-02	1.85E-01	4.16E-01	3.12E-01	1.07E-01	bad-chisq
group_1971	1.29E-02	1.25E-02	1.85E-01	4.16E-01	3.12E-01	1.07E-01	bad-chisq
group_1944	1.29E-02	3.99E-01	9.31E-01	-2.82E-02	3.27E-01	6.97E-03	bad-chisq
group_1937	1.29E-02	1.25E-02	1.85E-01	4.16E-01	3.12E-01	1.07E-01	bad-chisq
group_1916	1.29E-02	4.17E-01	3.54E-01	-3.80E-01	4.08E-01	7.50E-02	bad-chisq
group_1915	1.29E-02	3.99E-01	9.32E-01	3.48E-02	4.08E-01	6.90E-03	bad-chisq
group_1912	1.29E-02	1.25E-02	1.10E-01	5.33E-01	3.32E-01	1.29E-01	bad-chisq
group_1907	1.29E-02	4.17E-01	1.91E-01	-3.93E-01	2.99E-01	1.06E-01	bad-chisq
group_1881	1.29E-02	4.17E-01	3.54E-01	-3.80E-01	4.08E-01	7.50E-02	bad-chisq
group_1879	1.29E-02	3.99E-01	8.97E-01	4.36E-02	3.35E-01	1.05E-02	bad-chisq
group_1869	1.29E-02	1.25E-02	1.85E-01	4.16E-01	3.12E-01	1.07E-01	bad-chisq
group_1864	1.29E-02	1.25E-02	9.93E-02	6.33E-01	3.82E-01	1.33E-01	bad-chisq
group_1861	1.29E-02	1.25E-02	1.10E-01	5.33E-01	3.32E-01	1.29E-01	bad-chisq
group_1851	1.29E-02	1.25E-02	1.10E-01	5.33E-01	3.32E-01	1.29E-01	bad-chisq
group_1844	1.29E-02	1.25E-02	1.10E-01	5.33E-01	3.32E-01	1.29E-01	bad-chisq
group_1839	1.29E-02	1.25E-02	1.10E-01	5.33E-01	3.32E-01	1.29E-01	bad-chisq
group_1834	1.29E-02	4.17E-01	3.54E-01	-3.80E-01	4.08E-01	7.50E-02	bad-chisq
group_1830	1.29E-02	1.25E-02	1.10E-01	5.33E-01	3.32E-01	1.29E-01	bad-chisq
group_1811	1.29E-02	4.17E-01	3.54E-01	-3.80E-01	4.08E-01	7.50E-02	bad-chisq
group_1764	1.29E-02	4.17E-01	3.54E-01	-3.80E-01	4.08E-01	7.50E-02	bad-chisq
group_1751	1.29E-02	4.17E-01	3.56E-01	-2.58E-01	2.79E-01	7.46E-02	bad-chisq
group_1749	1.29E-02	4.17E-01	3.54E-01	-3.80E-01	4.08E-01	7.50E-02	bad-chisq
group_1746	1.29E-02	1.25E-02	1.10E-01	5.33E-01	3.32E-01	1.29E-01	bad-chisq
group_1727	1.29E-02	4.17E-01	3.54E-01	-3.80E-01	4.08E-01	7.50E-02	bad-chisq
group_1719	1.29E-02	1.25E-02	1.10E-01	5.33E-01	3.32E-01	1.29E-01	bad-chisq
group_1707	1.29E-02	1.25E-02	1.10E-01	5.33E-01	3.32E-01	1.29E-01	bad-chisq
group_1698	1.29E-02	4.17E-01	3.54E-01	-3.80E-01	4.08E-01	7.50E-02	bad-chisq
group_1695	1.29E-02	3.99E-01	1.09E-01	4.62E-01	2.87E-01	1.29E-01	bad-chisq
group_1687	1.29E-02	3.99E-01	9.32E-01	3.48E-02	4.08E-01	6.90E-03	bad-chisq
group_1686	1.29E-02	1.25E-02	1.10E-01	5.33E-01	3.32E-01	1.29E-01	bad-chisq
group_1684	1.29E-02	1.25E-02	1.85E-01	4.16E-01	3.12E-01	1.07E-01	bad-chisq
group_1683	1.29E-02	1.25E-02	1.10E-01	5.33E-01	3.32E-01	1.29E-01	bad-chisq
group_1648	1.29E-02	1.25E-02	7.45E-02	6.09E-01	3.39E-01	1.44E-01	bad-chisq
group_1629	1.29E-02	4.17E-01	3.54E-01	-3.80E-01	4.08E-01	7.50E-02	bad-chisq
group_1625	1.29E-02	1.25E-02	1.10E-01	5.33E-01	3.32E-01	1.29E-01	bad-chisq
group_1617	1.29E-02	3.99E-01	9.32E-01	3.48E-02	4.08E-01	6.90E-03	bad-chisq
group_1612	1.29E-02	3.99E-01	9.32E-01	3.48E-02	4.08E-01	6.90E-03	bad-chisq
group_1594	1.29E-02	1.25E-02	1.09E-01	5.55E-01	3.45E-01	1.29E-01	bad-chisq
group_1592	1.29E-02	4.17E-01	3.54E-01	-3.80E-01	4.08E-01	7.50E-02	bad-chisq
group_1585	1.29E-02	3.99E-01	7.61E-01	1.05E-01	3.43E-01	2.47E-02	bad-chisq
group_1571	1.29E-02	1.25E-02	1.85E-01	4.16E-01	3.12E-01	1.07E-01	bad-chisq
group_1550	1.29E-02	3.99E-01	4.66E-01	2.49E-01	3.40E-01	5.90E-02	bad-chisq
group_1534	1.29E-02	3.99E-01	9.32E-01	3.48E-02	4.08E-01	6.90E-03	bad-chisq
group_1530	1.29E-02	4.17E-01	3.54E-01	-3.80E-01	4.08E-01	7.50E-02	bad-chisq
group_1523	1.29E-02	1.25E-02	1.09E-01	5.55E-01	3.45E-01	1.29E-01	bad-chisq
group_1520	1.29E-02	4.17E-01	1.91E-01	-3.93E-01	2.99E-01	1.06E-01	bad-chisq
group_1492	1.29E-02	1.25E-02	1.10E-01	5.33E-01	3.32E-01	1.29E-01	bad-chisq
group_1491	1.29E-02	1.25E-02	5.92E-04	8.78E-01	2.50E-01	2.73E-01	bad-chisq
group_1487	1.29E-02	3.99E-01	1.09E-01	4.62E-01	2.87E-01	1.29E-01	bad-chisq
group_1485	1.29E-02	1.25E-02	1.10E-01	5.33E-01	3.32E-01	1.29E-01	bad-chisq
group_1472	1.29E-02	3.99E-01	8.97E-01	4.36E-02	3.35E-01	1.05E-02	bad-chisq
group_1462	1.29E-02	3.99E-01	9.32E-01	3.48E-02	4.08E-01	6.90E-03	bad-chisq
group_1451	1.29E-02	4.17E-01	3.54E-01	-3.80E-01	4.08E-01	7.50E-02	bad-chisq
group_1449	1.29E-02	1.25E-02	2.06E-01	5.12E-01	4.03E-01	1.02E-01	bad-chisq
group_1440	1.29E-02	4.17E-01	3.54E-01	-3.80E-01	4.08E-01	7.50E-02	bad-chisq
group_1437	1.29E-02	4.17E-01	3.54E-01	-3.80E-01	4.08E-01	7.50E-02	bad-chisq
group_1429	1.29E-02	3.99E-01	1.09E-01	4.62E-01	2.87E-01	1.29E-01	bad-chisq
group_1423	1.29E-02	4.17E-01	3.54E-01	-3.80E-01	4.08E-01	7.50E-02	bad-chisq
group_1406	1.29E-02	1.25E-02	1.09E-01	5.55E-01	3.45E-01	1.29E-01	bad-chisq
group_1364	1.29E-02	4.17E-01	3.54E-01	-3.80E-01	4.08E-01	7.50E-02	bad-chisq
ecfT_3	1.29E-02	3.99E-01	1.09E-01	4.62E-01	2.87E-01	1.29E-01	bad-chisq
group_1347	1.29E-02	3.99E-01	9.31E-01	-2.82E-02	3.27E-01	6.97E-03	bad-chisq
group_1315	1.29E-02	1.25E-02	1.01E-01	5.55E-01	3.37E-01	1.32E-01	bad-chisq
group_1252	1.29E-02	1.25E-02	1.85E-01	4.16E-01	3.12E-01	1.07E-01	bad-chisq
group_1237	1.29E-02	1.25E-02	1.85E-01	4.16E-01	3.12E-01	1.07E-01	bad-chisq
group_1227	1.29E-02	4.17E-01	3.54E-01	-3.80E-01	4.08E-01	7.50E-02	bad-chisq
group_1222	1.29E-02	3.99E-01	8.79E-01	5.09E-02	3.34E-01	1.23E-02	bad-chisq
group_1221	1.29E-02	1.25E-02	1.10E-01	5.33E-01	3.32E-01	1.29E-01	bad-chisq
group_1213	1.29E-02	1.25E-02	1.85E-01	4.16E-01	3.12E-01	1.07E-01	bad-chisq
group_1199	1.29E-02	3.99E-01	9.32E-01	3.48E-02	4.08E-01	6.90E-03	bad-chisq
group_1195	1.29E-02	1.25E-02	1.85E-01	4.16E-01	3.12E-01	1.07E-01	bad-chisq
group_1193	1.29E-02	1.25E-02	1.09E-01	5.55E-01	3.45E-01	1.29E-01	bad-chisq
group_1190	1.29E-02	3.99E-01	7.21E-01	1.23E-01	3.45E-01	2.89E-02	bad-chisq
group_1188	1.29E-02	1.25E-02	1.10E-01	5.33E-01	3.32E-01	1.29E-01	bad-chisq
group_1178	1.29E-02	1.25E-02	1.85E-01	4.16E-01	3.12E-01	1.07E-01	bad-chisq
group_1137	1.29E-02	1.25E-02	1.85E-01	4.16E-01	3.12E-01	1.07E-01	bad-chisq
group_1133	1.29E-02	1.25E-02	1.85E-01	4.16E-01	3.12E-01	1.07E-01	bad-chisq
group_1132	1.29E-02	1.25E-02	1.85E-01	4.16E-01	3.12E-01	1.07E-01	bad-chisq
group_1117	1.29E-02	1.25E-02	1.85E-01	4.16E-01	3.12E-01	1.07E-01	bad-chisq
group_1109	1.29E-02	4.17E-01	3.54E-01	-3.80E-01	4.08E-01	7.50E-02	bad-chisq
group_1102	1.29E-02	1.25E-02	1.09E-01	5.55E-01	3.45E-01	1.29E-01	bad-chisq
group_1091	1.29E-02	1.25E-02	1.85E-01	4.16E-01	3.12E-01	1.07E-01	bad-chisq
group_1076	1.29E-02	1.25E-02	1.10E-01	5.33E-01	3.32E-01	1.29E-01	bad-chisq
group_1074	1.29E-02	1.25E-02	1.85E-01	4.16E-01	3.12E-01	1.07E-01	bad-chisq
group_1008	1.29E-02	1.25E-02	1.10E-01	5.33E-01	3.32E-01	1.29E-01	bad-chisq
group_997	1.29E-02	4.17E-01	1.91E-01	-3.93E-01	2.99E-01	1.06E-01	bad-chisq
group_979	1.29E-02	4.17E-01	3.50E-01	-2.85E-01	3.04E-01	7.56E-02	bad-chisq
group_970	1.29E-02	4.17E-01	3.68E-01	-2.99E-01	3.30E-01	7.29E-02	bad-chisq
dinD	1.29E-02	3.99E-01	9.32E-01	3.48E-02	4.08E-01	6.90E-03	bad-chisq
group_936	1.29E-02	3.99E-01	9.67E-01	-1.43E-02	3.45E-01	3.35E-03	bad-chisq
group_924	1.29E-02	1.25E-02	1.85E-01	4.16E-01	3.12E-01	1.07E-01	bad-chisq
group_912	1.29E-02	1.25E-02	1.85E-01	4.16E-01	3.12E-01	1.07E-01	bad-chisq
group_911	1.29E-02	3.99E-01	1.09E-01	4.62E-01	2.87E-01	1.29E-01	bad-chisq
group_848	1.29E-02	1.25E-02	1.85E-01	4.16E-01	3.12E-01	1.07E-01	bad-chisq
group_847	1.29E-02	1.25E-02	1.85E-01	4.16E-01	3.12E-01	1.07E-01	bad-chisq
group_828	1.29E-02	1.25E-02	1.85E-01	4.16E-01	3.12E-01	1.07E-01	bad-chisq
dnaA_2	1.29E-02	1.25E-02	1.85E-01	4.16E-01	3.12E-01	1.07E-01	bad-chisq
aadK	1.29E-02	1.25E-02	1.85E-01	4.16E-01	3.12E-01	1.07E-01	bad-chisq
group_780	1.29E-02	1.25E-02	9.93E-02	6.33E-01	3.82E-01	1.33E-01	bad-chisq
group_735	1.29E-02	3.99E-01	9.86E-01	-6.25E-03	3.48E-01	1.45E-03	bad-chisq
group_728	1.29E-02	4.17E-01	3.54E-01	-3.80E-01	4.08E-01	7.50E-02	bad-chisq
group_686	1.29E-02	3.99E-01	1.09E-01	4.62E-01	2.87E-01	1.29E-01	bad-chisq
group_632	1.29E-02	1.25E-02	1.85E-01	4.16E-01	3.12E-01	1.07E-01	bad-chisq
group_631	1.29E-02	1.25E-02	1.85E-01	4.16E-01	3.12E-01	1.07E-01	bad-chisq
group_611	1.29E-02	4.17E-01	3.54E-01	-3.80E-01	4.08E-01	7.50E-02	bad-chisq
group_599	1.29E-02	1.25E-02	2.06E-01	5.12E-01	4.03E-01	1.02E-01	bad-chisq
group_594	1.29E-02	3.99E-01	8.97E-01	4.36E-02	3.35E-01	1.05E-02	bad-chisq
group_578	1.29E-02	3.99E-01	9.32E-01	3.48E-02	4.08E-01	6.90E-03	bad-chisq
group_572	1.29E-02	1.25E-02	1.01E-01	5.55E-01	3.37E-01	1.32E-01	bad-chisq
group_491	1.29E-02	1.25E-02	1.10E-01	5.33E-01	3.32E-01	1.29E-01	bad-chisq
rhaR_1	1.29E-02	4.17E-01	3.54E-01	-3.80E-01	4.08E-01	7.50E-02	bad-chisq
group_435	1.29E-02	1.25E-02	1.10E-01	5.33E-01	3.32E-01	1.29E-01	bad-chisq
group_433	1.29E-02	1.25E-02	1.09E-01	5.55E-01	3.45E-01	1.29E-01	bad-chisq
group_424	1.29E-02	1.25E-02	1.09E-01	5.55E-01	3.45E-01	1.29E-01	bad-chisq
group_399	1.29E-02	4.17E-01	3.54E-01	-3.80E-01	4.08E-01	7.50E-02	bad-chisq
xerC	1.29E-02	4.17E-01	3.54E-01	-3.80E-01	4.08E-01	7.50E-02	bad-chisq
group_372	1.29E-02	3.99E-01	8.97E-01	4.36E-02	3.35E-01	1.05E-02	bad-chisq
group_342	1.29E-02	1.25E-02	1.07E-01	5.35E-01	3.30E-01	1.30E-01	bad-chisq
group_312	1.29E-02	1.25E-02	1.09E-01	5.55E-01	3.45E-01	1.29E-01	bad-chisq
group_307	1.29E-02	4.17E-01	3.54E-01	-3.80E-01	4.08E-01	7.50E-02	bad-chisq
group_272	1.29E-02	3.99E-01	1.09E-01	4.62E-01	2.87E-01	1.29E-01	bad-chisq
group_189	1.29E-02	4.17E-01	3.54E-01	-3.80E-01	4.08E-01	7.50E-02	bad-chisq
group_180	1.29E-02	3.99E-01	5.20E-01	-1.97E-01	3.05E-01	5.21E-02	bad-chisq
group_81	1.29E-02	1.25E-02	1.10E-01	5.33E-01	3.32E-01	1.29E-01	bad-chisq
group_79	1.29E-02	3.99E-01	1.09E-01	4.62E-01	2.87E-01	1.29E-01	bad-chisq
group_73	1.29E-02	4.17E-01	3.54E-01	-3.80E-01	4.08E-01	7.50E-02	bad-chisq
group_67	1.29E-02	3.99E-01	1.09E-01	4.62E-01	2.87E-01	1.29E-01	bad-chisq
group_37	1.29E-02	1.25E-02	9.93E-02	6.33E-01	3.82E-01	1.33E-01	bad-chisq
group_29	1.29E-02	1.25E-02	1.85E-01	4.16E-01	3.12E-01	1.07E-01	bad-chisq
group_13	1.29E-02	4.17E-01	3.54E-01	-3.80E-01	4.08E-01	7.50E-02	bad-chisq
group_4	1.29E-02	1.25E-02	1.10E-01	5.33E-01	3.32E-01	1.29E-01	bad-chisq
